/*--------------------------------*- C++ -*----------------------------------*\
  =========                 |
  \\      /  F ield         | OpenFOAM: The Open Source CFD Toolbox
   \\    /   O peration     | Website:  https://openfoam.org
    \\  /    A nd           | Version:  13
     \\/     M anipulation  |
\*---------------------------------------------------------------------------*/
FoamFile
{
    format      ascii;
    class       volScalarField;
    location    "0";
    object      thickness;
}
// * * * * * * * * * * * * * * * * * * * * * * * * * * * * * * * * * * * * * //

dimensions      [];

internalField   uniform 0;

boundaryField
{
    outsideMinX
    {
        type            fixedValue;
        value           uniform 0;
    }
    insideMaxX
    {
        type            fixedValue;
        value           uniform 0;
    }
    minY
    {
        type            cyclic;
    }
    maxY
    {
        type            cyclic;
    }
    minZ
    {
        type            cyclic;
    }
    maxZ
    {
        type            cyclic;
    }
    solidSurfaces
    {
        type            fixedValue;
        value           nonuniform List<scalar> 
1907
(
0
0
0
0
0
0
0
0
0
0
0
0
0
0
0
0
0
0
0
0
0
0
0
0
0
0
0
0
0
0
0
0
0
0
0
0
0
0
0
0
0
0
0
0
0
0
0
0
0
0
0
0
0
0
0
0
0
0
0
0
0
0
0
0
0
0
0
0
0
0
0
0
0
0
0
0
0
0
0
0
0
0
0
0
0
0
0
0
0
0
0
0
0
0
0
0
0
0
0.174679
0.209609
0.169359
0.0600722
0.0400829
0.192672
0.219961
0.198589
0.187152
0.177936
0.190455
0.190922
0.184874
0.172397
0.0958493
0.133618
0.225386
0.102841
0.0462209
0.0461879
0.105735
0.210796
0.222763
0.211441
0.126502
0.120195
0.227138
0.0614821
0.0497055
0.199547
0.224411
0.213941
0.12869
0.106462
0.223994
0.0410445
0.0470563
0.176185
0.207768
0.200953
0.118266
0.139263
0.0278524
0.212654
0.0123725
0.0420714
0.0510754
0.107997
0.114455
0.0523802
0.427254
0.427597
0.427254
0.421619
0.425802
0.42162
0.404512
0.413671
0.404517
0.396236
0.398341
0.396242
0.40301
0.397641
0.40302
0.420533
0.411974
0.420535
0.427148
0.425375
0.427148
0.42765
0.42758
0.42765
0.427658
0.427657
0.427658
0.427651
0.427657
0.427651
0.426288
0.426959
0.424006
0.410221
0.413136
0.383673
0.363386
0.326617
0.265712
0.342627
0.23356
0.225843
0.359245
0.230879
0.256361
0.406562
0.312085
0.372059
0.425822
0.407504
0.422245
0.427616
0.426586
0.427503
0.427657
0.427642
0.427656
0.427627
0.427647
0.427557
0.421208
0.426286
0.420571
0.346528
0.399146
0.337798
0.100252
0.189111
0.314795
0.096213
0.261506
0.416123
0.364525
0.409791
0.427285
0.423843
0.427047
0.427652
0.427585
0.42765
0.427466
0.427634
0.427453
0.42181
0.426571
0.421807
0.355184
0.403922
0.355168
0.257498
0.237486
0.0809221
0.237498
0.406184
0.3529
0.406185
0.426909
0.423024
0.426909
0.427649
0.427568
0.427649
0.427508
0.427642
0.427507
0.420566
0.426392
0.421203
0.33774
0.401893
0.346489
0.211547
0.100374
0.0798722
0.0757545
0.0784281
0.0941195
0.261557
0.186629
0.314857
0.409796
0.38606
0.416129
0.427047
0.425257
0.427285
0.42765
0.427615
0.427652
0.427453
0.427635
0.427466
0.424004
0.427415
0.426287
0.383678
0.421975
0.410221
0.265853
0.388182
0.3634
0.226071
0.347629
0.342649
0.256466
0.345917
0.359238
0.372083
0.382969
0.406562
0.422248
0.420358
0.425823
0.427503
0.427327
0.427616
0.427656
0.427654
0.427657
0.427557
0.427655
0.427627
0.154404
0.138934
0.190799
0.210474
0.22068
0.224487
0.225493
0.0494681
0.0442209
0.225493
0.221788
0.224486
0.0596783
0.220679
0.185277
0.210473
0.190798
0.094017
0.0445224
0.04486
0.0889934
0.16532
0.183449
0.184936
0.185409
0.179289
0.0960506
0.0140076
0.150238
0.214685
0.222579
0.222901
0.222239
0.209229
0.109773
0.0315596
0.166468
0.21975
0.224906
0.224265
0.223628
0.210381
0.106663
0.124923
0.199875
0.21037
0.201402
0.206329
0.213943
0.119045
0.0331921
0.10452
0.118835
0.0777162
0.109154
0.190495
0.188292
0.196217
0.0913829
0.0114861
0.0143764
0.0686091
0.0331945
0.119816
0.104833
0.126238
0.124879
0.0446178
0.126796
0.126562
0.127801
0.127315
0.0405284
0.114206
0.125396
0.0695224
0.0316399
0.0462668
0.135041
0.174975
0.124924
0.178863
0.209658
0.199977
0.18465
0.213243
0.212567
0.18513
0.21341
0.213378
0.184872
0.211161
0.21317
0.161562
0.179846
0.202425
0.104004
0.207512
0.210233
0.0737433
0.101526
0.0315596
0.195348
0.204592
0.166468
0.220998
0.224121
0.219753
0.222875
0.225116
0.225029
0.222818
0.224868
0.225028
0.21935
0.220993
0.224202
0.18623
0.18667
0.210219
0.109946
0.210392
0.101526
0.0737432
0.204591
0.195346
0.150238
0.224095
0.220839
0.214659
0.224734
0.220903
0.221904
0.223951
0.218316
0.21907
0.22093
0.219889
0.21971
0.185927
0.192449
0.212589
0.114028
0.0462667
0.0316397
0.174962
0.135006
0.0889901
0.209098
0.177619
0.165075
0.207069
0.171153
0.178713
0.199436
0.151256
0.156932
0.214662
0.199853
0.172293
0.200867
0.20495
0.208304
0.124812
0.159236
0.114981
0.127463
0.0323861
0.086647
0.0114859
0.0685644
0.014356
0.118256
0.0406727
0.034017
0.107511
0.0586931
0.0147719
0.176293
0.164761
0.191915
0.183117
0.165374
0.166841
0.176288
0.108843
0.0193349
0.0725843
0.0167455
0.0141495
0.0140974
0.03121
0.031602
0.0774486
0.0488376
0.0478958
0.0491388
0.0527367
0.0799495
0.081035
0.0566429
0.076041
0.101183
0.098876
0.067277
0.0330967
0.0114631
0.0315307
0.0460371
0.0736142
0.101575
0.101575
0.0736142
0.046037
0.0315306
0.011463
0.0330965
0.0672769
0.0988759
0.101183
0.0760406
0.0566423
0.0810342
0.138921
0.0798745
0.0523041
0.0471633
0.0408448
0.028529
0.0101972
0.144201
0.122258
0.121217
0.128342
0.134156
0.141265
0.156768
0.185781
0.158713
0.148265
0.155319
0.165571
0.160733
0.133882
0.0887095
0.124468
0.149797
0.166158
0.166158
0.149797
0.124468
0.0887092
0.133882
0.160733
0.165571
0.155319
0.148264
0.158713
0.156605
0.140307
0.129819
0.113172
0.079128
0.0282742
0.09081
0.141471
0.172235
0.186215
0.193382
0.200583
0.211349
0.202107
0.198434
0.20067
0.203647
0.197815
0.174254
0.194909
0.204299
0.204299
0.194909
0.174254
0.197815
0.203647
0.20067
0.198434
0.202107
0.211764
0.21133
0.200449
0.192582
0.182641
0.160354
0.112272
0.0401078
0.0486096
0.051299
0.136742
0.186502
0.207552
0.215051
0.218472
0.221795
0.222717
0.220376
0.218908
0.218948
0.219084
0.213932
0.219492
0.219492
0.213932
0.219084
0.218948
0.218908
0.220376
0.222717
0.218415
0.214694
0.205961
0.181602
0.127322
0.0454948
0.0474401
0.132504
0.134506
0.189669
0.213645
0.221451
0.223702
0.22478
0.229528
0.228246
0.226014
0.224398
0.223638
0.223638
0.224398
0.226014
0.228246
0.229528
0.22369
0.221368
0.213267
0.188531
0.196615
0.198929
0.209511
0.204036
0.183119
0.0994387
0.0159559
0.0432898
0.12956
0.175774
0.169304
0.169309
0.169308
0.1693
0.17456
0.0572332
0.0777006
0.15693
0.185418
0.18562
0.188049
0.188572
0.188659
0.188723
0.189061
0.189346
0.189061
0.188726
0.188676
0.188677
0.188645
0.188458
0.188073
0.198253
0.215919
0.22102
0.22164
0.220969
0.21745
0.204362
0.166431
0.118146
0.0648483
0.11979
0.168285
0.190133
0.186766
0.188309
0.188618
0.188662
0.188666
0.188667
0.188666
0.188656
0.188572
0.188049
0.18562
0.185418
0.15693
0.0777005
0.0343091
0.107638
0.171913
0.204084
0.212777
0.214962
0.215437
0.215515
0.215584
0.215984
0.216326
0.215986
0.215589
0.215533
0.215535
0.215498
0.215278
0.214884
0.222894
0.224047
0.223832
0.222362
0.216758
0.200815
0.171133
0.201513
0.213631
0.214817
0.215359
0.215499
0.21552
0.215521
0.215521
0.21552
0.215512
0.215437
0.214962
0.212777
0.204084
0.171913
0.107638
0.0343091
0.0442275
0.041782
0.121157
0.181162
0.211478
0.22139
0.223781
0.224217
0.224273
0.224285
0.224351
0.224411
0.224352
0.224286
0.22428
0.224272
0.224201
0.223874
0.225179
0.225201
0.224804
0.223094
0.217214
0.222873
0.223982
0.224229
0.224274
0.224279
0.224279
0.224279
0.224279
0.224273
0.224217
0.223781
0.22139
0.211478
0.181162
0.121157
0.041782
0.0442275
0.0448717
0.127398
0.126048
0.184867
0.213619
0.223013
0.225216
0.225592
0.225638
0.225642
0.225646
0.225649
0.225646
0.225642
0.225641
0.225627
0.225544
0.225632
0.22556
0.225133
0.22556
0.225632
0.225642
0.225642
0.225642
0.225642
0.225642
0.225638
0.225592
0.225216
0.223013
0.213619
0.184867
0.126048
0.127398
0.185925
0.185925
0.214116
0.223228
0.225341
0.225698
0.225741
0.225745
0.225745
0.225745
0.225745
0.225745
0.225743
0.225728
0.225718
0.225743
0.225745
0.225745
0.225745
0.225745
0.225745
0.225741
0.225698
0.225341
0.223228
0.214116
0.0572355
0.157094
0.182877
0.173257
0.168658
0.169217
0.169299
0.169308
0.169309
0.169309
0.169309
0.169309
0.169309
0.169304
0.169269
0.169089
0.168413
0.184722
0.204243
0.202229
0.175652
0.111282
0.0582452
0.0451205
0.0445473
0.0444119
0.0437773
0.0413881
0.0340926
0.0135988
0.0308785
0.0312504
0.0724861
0.0171502
0.0139142
0.0763948
0.157295
0.195849
0.195297
0.18874
0.189011
0.189079
0.189142
0.189477
0.18976
0.189478
0.189146
0.189097
0.1891
0.189082
0.188902
0.188319
0.198114
0.21054
0.202128
0.178456
0.150887
0.133894
0.128226
0.126919
0.12679
0.126844
0.126849
0.126586
0.125211
0.120107
0.105169
0.0693459
0.0343614
0.0121155
0.0343648
0.0680037
0.0989968
0.101258
0.0765938
0.057782
0.0840364
0.154676
0.0829287
0.0539093
0.0506326
0.0510004
0.05516
0.0878866
0.142446
0.105134
0.170435
0.2061
0.215545
0.215849
0.216019
0.216073
0.216141
0.216533
0.216867
0.216533
0.216145
0.216091
0.216096
0.216057
0.215659
0.213752
0.217826
0.21333
0.203741
0.19295
0.187392
0.185943
0.185764
0.185796
0.185794
0.185574
0.18442
0.179995
0.166848
0.137865
0.0936442
0.136986
0.162498
0.167113
0.157075
0.15037
0.162872
0.190114
0.209685
0.189661
0.160951
0.143705
0.138385
0.138648
0.142593
0.14828
0.117999
0.17882
0.210843
0.22161
0.22398
0.224396
0.224428
0.224438
0.224498
0.224553
0.224499
0.224439
0.224434
0.224434
0.224397
0.22371
0.228743
0.228791
0.221344
0.217007
0.216211
0.216211
0.216258
0.216268
0.21618
0.215648
0.213102
0.203784
0.180862
0.202091
0.207368
0.20329
0.200054
0.204206
0.21337
0.220369
0.220329
0.213099
0.202972
0.195836
0.193017
0.192451
0.189272
0.172301
0.161297
0.0432295
0.124091
0.122666
0.1823
0.212522
0.222968
0.227677
0.232751
0.234299
0.232694
0.231996
0.23174
0.231676
0.231717
0.231874
0.232142
0.232251
0.233884
0.228394
0.228628
0.229855
0.230638
0.230951
0.231029
0.230963
0.230601
0.229017
0.221575
0.22605
0.222632
0.219709
0.220163
0.222519
0.22434
0.224327
0.222412
0.219576
0.217388
0.216373
0.215269
0.208206
0.184194
0.185349
0.148025
0.0439834
0.125759
0.124754
0.183955
0.183411
0.213013
0.223171
0.227803
0.23786
0.239407
0.232782
0.23208
0.231821
0.23176
0.231805
0.231961
0.232229
0.226847
0.22878
0.230089
0.23077
0.231041
0.231109
0.231056
0.230811
0.231099
0.226667
0.225116
0.224797
0.225138
0.225493
0.225489
0.225092
0.224471
0.223954
0.223564
0.221969
0.21276
0.209048
0.174876
0.154102
0.0455351
0.129178
0.127378
0.18627
0.184834
0.213702
0.213255
0.223227
0.22977
0.242245
0.246744
0.242942
0.239759
0.236742
0.240069
0.241671
0.232839
0.244038
0.250824
0.255614
0.25688
0.252219
0.243271
0.231943
0.238371
0.232125
0.225675
0.225715
0.225714
0.225651
0.22554
0.225391
0.224885
0.222015
0.219305
0.200239
0.192591
0.137545
0.131377
0.189243
0.187792
0.215163
0.214431
0.223707
0.223517
0.232428
0.239717
0.248042
0.256862
0.24736
0.236742
0.252039
0.264839
0.277917
0.291047
0.2962
0.283538
0.262009
0.244484
0.225744
0.225743
0.225743
0.225734
0.225699
0.225518
0.224457
0.223888
0.216737
0.215676
0.223715
0.223767
0.226869
0.229483
0.229483
0.232064
0.244344
0.242148
0.229868
0.252838
0.273394
0.287596
0.267381
0.236061
0.225745
0.225745
0.225742
0.22571
0.225453
0.225471
0.225729
0.22699
0.225745
0.230424
0.240404
0.247941
0.254133
0.231603
0.225745
0.225744
0.157092
0.173257
0.168658
0.169217
0.169309
0.16925
0.168863
0.166787
0.0192711
0.0665663
0.17857
0.176816
0.169577
0.177885
0.0708548
0.0346228
0.0407993
0.0135986
0.0139705
0.0171806
0.0724825
0.0171485
0.0763534
0.157262
0.195837
0.195294
0.188739
0.189011
0.189076
0.189086
0.189086
0.189086
0.189082
0.189037
0.18874
0.187385
0.189802
0.172827
0.139052
0.0958682
0.181182
0.186428
0.164103
0.174061
0.184529
0.192198
0.18214
0.115392
0.062673
0.0799214
0.108483
0.119254
0.118532
0.104845
0.0692985
0.0343589
0.0121153
0.0343647
0.0680036
0.0989962
0.101257
0.076593
0.057781
0.0840351
0.154391
0.0828262
0.0532994
0.047855
0.0412921
0.0287282
0.0102402
0.0329757
0.104835
0.170194
0.205998
0.215521
0.215846
0.216019
0.21607
0.216078
0.216079
0.216078
0.216077
0.216057
0.215945
0.215685
0.214565
0.208811
0.200627
0.215436
0.207253
0.20608
0.210854
0.213919
0.208467
0.182867
0.159821
0.161961
0.173579
0.180039
0.178794
0.166602
0.137829
0.093641
0.136985
0.162497
0.167112
0.157074
0.150369
0.16287
0.190114
0.209684
0.209606
0.189627
0.160686
0.142102
0.13117
0.114089
0.0796012
0.0284116
0.0396945
0.11648
0.17758
0.210284
0.221465
0.223966
0.224396
0.224428
0.224432
0.224432
0.224432
0.224432
0.224428
0.224402
0.224338
0.223351
0.221533
0.22315
0.22221
0.222088
0.223116
0.221937
0.214745
0.207489
0.207747
0.211661
0.21401
0.212661
0.203695
0.180849
0.202086
0.207364
0.203288
0.200053
0.204204
0.21337
0.220369
0.220325
0.213058
0.20263
0.193776
0.183797
0.161602
0.11365
0.0408151
0.0144054
0.0336796
0.10555
0.116729
0.17756
0.210337
0.222424
0.229012
0.232329
0.231759
0.231642
0.231625
0.231621
0.2316
0.231506
0.231201
0.230446
0.22818
0.228354
0.225179
0.225394
0.225328
0.22421
0.224198
0.226629
0.229037
0.229989
0.228858
0.22154
0.226022
0.222626
0.219696
0.220151
0.222517
0.22434
0.224324
0.222372
0.219251
0.215416
0.207427
0.184968
0.133064
0.0488895
0.0741544
0.0143803
0.0551185
0.0759049
0.154976
0.169784
0.206872
0.221832
0.23474
0.237842
0.231846
0.231729
0.231712
0.231708
0.231687
0.231594
0.231288
0.23053
0.225745
0.225745
0.225738
0.225738
0.22673
0.228616
0.229969
0.230436
0.23099
0.226652
0.225014
0.224695
0.225126
0.225501
0.225496
0.225066
0.224237
0.222471
0.216588
0.197678
0.151561
0.169105
0.105062
0.117517
0.040035
0.0416105
0.0401043
0.10565
0.0759174
0.155394
0.146195
0.198167
0.201049
0.220445
0.242525
0.256596
0.251486
0.243274
0.235902
0.235067
0.239254
0.241131
0.232647
0.243111
0.247756
0.247817
0.243332
0.232807
0.225744
0.225734
0.225643
0.225589
0.22566
0.227658
0.227657
0.22564
0.225413
0.224511
0.22049
0.206175
0.21057
0.178225
0.180829
0.120762
0.117693
0.178504
0.170327
0.208927
0.202994
0.225695
0.219964
0.250792
0.283528
0.284362
0.257485
0.235902
0.235067
0.250235
0.262577
0.270581
0.270798
0.263564
0.241901
0.225734
0.225729
0.225739
0.232423
0.232423
0.225731
0.225644
0.225086
0.222128
0.222645
0.21189
0.211159
0.222915
0.227137
0.240088
0.25378
0.282689
0.28466
0.259583
0.233261
0.225745
0.24857
0.248726
0.252819
0.241682
0.241668
0.249841
0.244762
0.229743
0.225687
0.22525
0.22552
0.225721
0.250331
0.251785
0.25447
0.249172
0.232557
0.24848
0.261007
0.249116
0.229746
0.427597
0.425801
0.413668
0.398334
0.397633
0.411968
0.425375
0.42758
0.427657
0.427657
0.427415
0.1853
0.421976
0.388175
0.34761
0.345905
0.382977
0.420356
0.427326
0.427654
0.427655
0.426393
0.401908
0.211527
0.0796995
0.0782515
0.186558
0.386039
0.425256
0.427615
0.427635
0.426571
0.224779
0.403929
0.257521
0.148858
0.0243059
0.0809134
0.352895
0.423024
0.427568
0.427642
0.426284
0.399126
0.189056
0.0627641
0.00934552
0.0962505
0.364543
0.423844
0.427585
0.427634
0.426959
0.413133
0.32668
0.233759
0.231075
0.312126
0.407513
0.426586
0.427642
0.427647
0.172159
0.190538
0.190141
0.184672
0.168886
0.187311
0.187847
0.103661
0.184538
0.168303
0.0572702
0.1529
0.150655
0.051311
0.147997
0.141535
0.045407
0.134151
0.128955
0.0431816
0.126218
0.123508
0.0313684
0.115818
0.0946294
0.052418
0.0127444
0.174171
0.083069
0.106988
0.200422
0.163873
0.183062
0.193025
0.168195
0.145096
0.179917
0.132588
0.128105
0.183727
0.131296
0.145151
0.193057
0.171686
0.198334
0.187457
0.211482
0.214326
0.181773
0.213362
0.210675
0.14623
0.201308
0.173792
0.118274
0.0534468
0.0479319
0.152704
0.122238
0.136141
0.0543822
0.175513
0.0570576
0.151766
0.221928
0.204752
0.222602
0.220481
0.224849
0.222817
0.183867
0.213948
0.186481
0.12869
0.0468741
0.0460891
0.134803
0.11797
0.13156
0.140626
0.0477033
0.135258
0.220808
0.192844
0.215371
0.222748
0.220897
0.220077
0.18648
0.21137
0.183857
0.0456313
0.126501
0.0419155
0.0303396
0.115852
0.0763866
0.0807874
0.0347404
0.008085
0.127332
0.0508465
0.103782
0.198628
0.133012
0.15532
0.209092
0.172113
0.177799
0.173731
0.171416
0.146042
0.0958227
0.0111123
0.0291125
0.0145618
0.0510512
0.0146912
0.0772434
0.118019
0.0943611
0.0394086
0.0127425
0.0124981
0.139264
0.212654
0.190904
0.21268
0.210565
0.219977
0.211764
0.223994
0.220754
0.224005
0.22473
0.225429
0.227138
0.230088
0.229371
0.0627704
0.0295859
0.00934299
0.0755552
0.230088
0.229371
0.225386
0.22473
0.225429
0.148852
0.0758291
0.0758376
0.0243085
0.220754
0.224005
0.18578
0.21996
0.210565
0.219977
0.0295944
0.190904
0.212679
0.0725833
0.154675
0.0548087
0.0408085
0.0345687
0.00647678
0.0148216
0.033671
0.00821447
0.0148978
0.0346462
0.0404195
0.155891
0.147647
0.0395001
0.0312355
0.191792
0.0143697
0.0138959
0.182876
0.166024
0.16869
0.169223
0.169299
0.169308
0.169309
0.169309
0.169303
0.169252
0.168869
0.166764
0.174999
0.0480081
0.0176801
0.0160433
0.0167124
0.031602
0.0137575
0.160458
0.167391
0.156169
0.0504153
0.0549585
0.0477153
0.0442743
0.0402081
0.0125161
0.161774
0.178146
0.132651
0.0211058
0.0171811
0.0139707
0.03121
0.165376
0.0143309
0.166227
0.0341654
0.0414149
0.0927839
0.0437617
0.044382
0.0467076
0.0445301
0.0445234
0.0447046
0.0444954
0.0452026
0.0435355
0.0446079
0.0478672
0.0425447
0.0247024
0.0331142
0.0143697
0.17456
0.166024
0.16869
0.169223
0.1693
0.169308
0.169309
0.169309
0.169309
0.169308
0.169302
0.16926
0.169053
0.168318
0.184299
0.0321842
0.0414459
0.0140974
0.0317397
0.0447528
0.0456313
0.0317397
0.0140076
0.0448717
0.0447527
0.0414453
0.0321818
0.0420918
0.0167109
0.0167451
0.0141495
0.0312499
0.0308779
0.0137576
0.0143091
0.0142908
0.0339371
0.0406261
0.033529
)
;
    }
}


// ************************************************************************* //
