/*--------------------------------*- C++ -*----------------------------------*\
  =========                 |
  \\      /  F ield         | OpenFOAM: The Open Source CFD Toolbox
   \\    /   O peration     | Website:  https://openfoam.org
    \\  /    A nd           | Version:  13
     \\/     M anipulation  |
\*---------------------------------------------------------------------------*/
FoamFile
{
    format      ascii;
    class       volScalarField;
    location    "0";
    object      thicknessFraction;
}
// * * * * * * * * * * * * * * * * * * * * * * * * * * * * * * * * * * * * * //

dimensions      [];

internalField   uniform 0;

boundaryField
{
    outsideMinX
    {
        type            fixedValue;
        value           uniform 0;
    }
    insideMaxX
    {
        type            fixedValue;
        value           uniform 0;
    }
    minY
    {
        type            fixedValue;
        value           uniform 0;
    }
    maxY
    {
        type            fixedValue;
        value           uniform 0;
    }
    minZ
    {
        type            fixedValue;
        value           uniform 0;
    }
    maxZ
    {
        type            fixedValue;
        value           uniform 0;
    }
    interiorWalls
    {
        type            fixedValue;
        value           nonuniform List<scalar> 
1901
(
0
0
0
0
0
0
0
0
0
0
0
0
0
0
0
0
0
0
0
0
0
0
0
0
0
0
0
0
0
0
0
0
0
0
0
0
0
0
0
0
0
0
0
0
0
0
0
0
0
0
0
0
0
0
0
0
0
0
0
0
0
0
0
0
0
0
0
0
0
0
0
0
0
0
0
0
0
0
0
0
0
0
0
0
0
0
0
0
0
0
0
0
0
0
0
0
0
0
0
0
0
0
0
0
0
0
0
0
0
0
0
0
0
0
0
0.368604
0.358047
0.514344
0.457296
0.442641
0.458578
0.497281
0.503467
0.503362
0.459136
0.255112
0.292712
0.527026
0.316868
0.216122
0.220184
0.333765
0.496382
0.525137
0.482107
0.317322
0.279989
0.53112
0.143276
0.23249
0.466721
0.524154
0.496037
0.365316
0.495155
0.248971
0.523771
0.159698
0.220048
0.411859
0.483079
0.434922
0.24554
0.0651445
0.497257
0.0289256
0.0983522
0.119302
0.250873
0.248087
0.0652135
0.999853
0.999868
0.999193
0.997332
0.996361
0.988304
0.98922
0.973076
0.9556
0.985176
0.943853
0.939881
0.988519
0.942536
0.952744
0.996885
0.969798
0.986177
0.999819
0.995509
0.998977
0.999998
0.99984
0.999984
1
0.999999
1
1
1
1
0.996814
0.998272
0.991471
0.959567
0.966081
0.897184
0.851095
0.763702
0.621194
0.803119
0.546008
0.528006
0.841521
0.539781
0.599346
0.951068
0.729713
0.870048
0.995734
0.952941
0.98738
0.999903
0.997505
0.999641
1
0.999963
0.999997
1
1
1
0.984936
0.996615
0.983447
0.810349
0.933399
0.789938
0.468585
0.589703
0.736266
0.450178
0.611784
0.973121
0.852675
0.958373
0.999135
0.991129
0.998583
0.999992
0.999833
0.999986
1
0.999999
1
0.986334
0.997315
0.986329
0.830557
0.944535
0.830522
0.602218
0.555632
0.378644
0.555663
0.949968
0.82554
0.949971
0.998262
0.989224
0.998262
0.999983
0.999794
0.999983
1
0.999999
1
0.983436
0.996877
0.984922
0.789804
0.939793
0.810127
0.659099
0.468262
0.372214
0.35294
0.365487
0.438997
0.611902
0.581435
0.736259
0.958385
0.902871
0.973129
0.998583
0.994416
0.999135
0.999986
0.999902
0.999992
1
1
1
0.991375
0.99927
0.996161
0.895905
0.984305
0.952577
0.617154
0.894055
0.828476
0.52277
0.786242
0.772628
0.595005
0.781613
0.817523
0.868634
0.880456
0.943002
0.987275
0.98005
0.994934
0.99964
0.999082
0.999885
0.999997
0.99999
1
1
1
1
0.361046
0.324789
0.446123
0.492138
0.516011
0.524918
0.525602
0.527275
0.19158
0.208209
0.527275
0.518604
0.524918
0.139197
0.516011
0.492138
0.446122
0.439437
0.104014
0.104798
0.0576954
0.208109
0.38648
0.428785
0.432245
0.433348
0.419046
0.224353
0.351437
0.502021
0.520431
0.521178
0.519637
0.489208
0.256485
0.0737441
0.389355
0.513876
0.525895
0.524382
0.522904
0.491933
0.249251
0.292218
0.467344
0.491823
0.470796
0.482372
0.500262
0.278245
0.155194
0.244329
0.277739
0.242157
0.340369
0.445522
0.441579
0.451103
0.443348
0.0358122
0.0672344
0.213857
0.155205
0.0967811
0.280019
0.245054
0.294977
0.291817
0.104234
0.296271
0.295727
0.105598
0.298615
0.29748
0.0946819
0.266829
0.293001
0.16237
0.363577
0.0986784
0.21651
0.315728
0.409189
0.29222
0.418096
0.490174
0.467582
0.43158
0.49853
0.496955
0.432696
0.498919
0.498844
0.432097
0.493673
0.49836
0.377546
0.420356
0.473243
0.229971
0.237393
0.456872
0.478482
0.389355
0.516746
0.524069
0.513884
0.521118
0.526383
0.526183
0.520986
0.525801
0.526175
0.512891
0.516758
0.524251
0.435319
0.436361
0.491545
0.493457
0.494311
0.237393
0.229971
0.478481
0.456866
0.351436
0.524008
0.516375
0.501962
0.525487
0.516498
0.518849
0.523646
0.510422
0.512191
0.516614
0.514167
0.51371
0.434641
0.449908
0.497094
0.21651
0.0986778
0.409158
0.315647
0.208102
0.488869
0.415198
0.385912
0.484088
0.400054
0.417741
0.466185
0.353456
0.366755
0.501937
0.46736
0.402778
0.469631
0.479305
0.487106
0.29492
0.37296
0.316254
0.30461
0.350661
0.0358117
0.213719
0.0671401
0.276393
0.251288
0.0808086
0.0953725
0.274243
0.0690784
0.412415
0.331692
0.448936
0.396639
0.416088
0.434524
0.391136
0.450914
0.396643
0.417835
0.37384
0.222695
0.351982
0.242981
0.256906
0.266473
0.185019
0.297494
0.308562
0.262498
0.133415
0.30355
0.481565
0.498454
0.427062
0.147037
0.0781313
0.366166
0.510718
0.523051
0.4687
0.248992
0.16968
0.434376
0.52078
0.536699
0.325586
0.346678
0.511872
0.52849
0.463993
0.264882
0.0739043
0.38716
0.512287
0.522937
0.476191
0.236609
0.0643461
0.313058
0.455757
0.477716
0.40746
0.209758
0.0983022
0.229515
0.237524
0.215294
0.0357376
0.0317922
0.0881484
0.187528
0.212504
0.220399
0.220406
0.212518
0.187537
0.0881487
0.0317915
0.127339
0.133416
0.264622
0.374936
0.262491
0.424517
0.440103
0.308556
0.440105
0.424522
0.297504
0.374939
0.264623
0.18502
0.127339
0.244594
0.147038
0.32807
0.45031
0.427061
0.502015
0.517585
0.498453
0.517585
0.502015
0.481566
0.450309
0.328069
0.303549
0.244591
0.248995
0.49414
0.4687
0.518605
0.523051
0.510718
0.49414
0.433199
0.366165
0.25261
0.371094
0.472577
0.495155
0.515306
0.533707
0.533707
0.515306
0.52078
0.472577
0.371093
0.252608
0.0661798
0.237081
0.264884
0.363182
0.469226
0.463993
0.511968
0.524715
0.52849
0.524715
0.511967
0.511872
0.469226
0.363181
0.346676
0.237079
0.0729875
0.231215
0.236609
0.375848
0.462554
0.476191
0.500241
0.513243
0.522937
0.513243
0.500241
0.512287
0.462554
0.375847
0.387159
0.231215
0.0729876
0.154777
0.209759
0.207427
0.291042
0.40746
0.35027
0.388531
0.477716
0.388531
0.35027
0.455757
0.291042
0.207426
0.313057
0.154776
0.0357378
0.215294
0.0659348
0.074225
0.237524
0.0659348
0.229515
0.0983018
0.112784
0.282064
0.206775
0.375848
0.438956
0.294993
0.15391
0.38695
0.503705
0.517047
0.468139
0.245564
0.427247
0.520347
0.526355
0.497725
0.293466
0.0813305
0.401584
0.516922
0.526504
0.499619
0.297435
0.345712
0.510089
0.526187
0.499622
0.29743
0.0814241
0.401767
0.516947
0.526443
0.498397
0.293858
0.103335
0.431369
0.521203
0.525745
0.486608
0.25423
0.10625
0.435873
0.520984
0.523774
0.47104
0.277769
0.440503
0.514736
0.515877
0.480503
0.285118
0.0351091
0.220284
0.0972972
0.325449
0.364603
0.305061
0.305039
0.364587
0.0972974
0.220284
0.0351092
0.153908
0.213729
0.0671466
0.294992
0.410357
0.315519
0.438958
0.49289
0.464273
0.375847
0.464274
0.49289
0.206776
0.315528
0.41036
0.213747
0.245444
0.280481
0.0969342
0.468107
0.490561
0.418647
0.517046
0.524628
0.517131
0.503712
0.517191
0.524636
0.387038
0.419246
0.490809
0.0973047
0.281256
0.289659
0.282186
0.496388
0.494148
0.421815
0.526294
0.526313
0.519839
0.520721
0.521413
0.526596
0.430255
0.433138
0.499339
0.102984
0.104502
0.296759
0.252667
0.241754
0.485082
0.471027
0.366455
0.52563
0.524538
0.512471
0.521498
0.521479
0.526302
0.433706
0.43378
0.499649
0.297522
0.263559
0.241806
0.0692132
0.463337
0.471046
0.366493
0.523947
0.524538
0.512477
0.521457
0.521423
0.526294
0.433712
0.433222
0.49942
0.104806
0.2968
0.252879
0.283249
0.485167
0.494589
0.42272
0.525628
0.526308
0.519982
0.521159
0.520085
0.526329
0.430918
0.42307
0.494854
0.0978416
0.283425
0.294403
0.298206
0.105142
0.498597
0.499901
0.434396
0.526451
0.526214
0.521448
0.5175
0.513995
0.524787
0.403864
0.372511
0.475142
0.0816765
0.246278
0.30041
0.30439
0.500153
0.49942
0.437527
0.525451
0.523173
0.519099
0.512347
0.512186
0.521648
0.358446
0.386999
0.478942
0.268477
0.315431
0.251336
0.497063
0.482027
0.443213
0.518048
0.506529
0.46619
0.488496
0.420823
0.395494
0.400753
0.0951163
0.112693
0.39132
0.395957
0.395899
0.395985
0.395889
0.395031
0.373369
0.292353
0.332609
0.487296
0.503807
0.504216
0.504217
0.504166
0.501392
0.451138
0.27542
0.323843
0.506067
0.526893
0.527629
0.527636
0.52762
0.52657
0.487555
0.25348
0.376552
0.513501
0.527408
0.527861
0.531268
0.560651
0.551366
0.504576
0.291151
0.490135
0.524557
0.527791
0.527865
0.538765
0.598598
0.541878
0.495851
0.253547
0.444623
0.52035
0.527702
0.552122
0.580228
0.588791
0.54171
0.478842
0.268957
0.351874
0.513818
0.557347
0.663552
0.689849
0.647218
0.542079
0.495948
0.253772
0.390863
0.528585
0.539646
0.540327
0.539539
0.534919
0.543083
0.506068
0.295817
0.320361
0.476469
0.504174
0.505616
0.505483
0.507359
0.534792
0.503901
0.301335
0.160663
0.245836
0.292591
0.296399
0.29626
0.299624
0.352078
0.45226
0.313532
0.291664
0.26037
0.0866527
0.373259
0.401707
0.341439
0.395562
0.439725
0.431321
0.395899
0.441319
0.441281
0.441408
0.441322
0.395898
0.441318
0.441407
0.395791
0.441053
0.441291
0.390768
0.431844
0.439493
0.35894
0.3456
0.403942
0.263768
0.256667
0.159052
0.442439
0.450175
0.32433
0.500866
0.520102
0.503577
0.504181
0.524471
0.52386
0.504218
0.524549
0.524544
0.504212
0.524546
0.524549
0.503781
0.524153
0.524505
0.490222
0.511056
0.521925
0.348299
0.370958
0.472333
0.24518
0.158025
0.252382
0.451539
0.45812
0.336288
0.523007
0.523734
0.508413
0.527548
0.527787
0.527205
0.527636
0.527865
0.527858
0.527635
0.538464
0.531268
0.527483
0.549403
0.54769
0.518775
0.53206
0.54426
0.404413
0.42459
0.49918
0.0807364
0.283157
0.258668
0.474756
0.498358
0.443558
0.524907
0.526347
0.520099
0.527813
0.527843
0.527647
0.527865
0.527865
0.527863
0.538464
0.542036
0.527865
0.562364
0.559473
0.573644
0.542191
0.541732
0.541988
0.430893
0.425193
0.502771
0.101166
0.0971693
0.283268
0.515212
0.515306
0.490313
0.527268
0.527278
0.524588
0.527859
0.52786
0.527795
0.527865
0.541645
0.527865
0.570585
0.56606
0.562191
0.566778
0.564358
0.582007
0.540754
0.539038
0.541779
0.405731
0.372566
0.484933
0.0685591
0.244137
0.262131
0.0803222
0.498992
0.477641
0.381049
0.526453
0.525662
0.514871
0.527862
0.571679
0.542764
0.594839
0.674753
0.625709
0.559021
0.62905
0.645461
0.56728
0.579307
0.640743
0.537989
0.53911
0.541838
0.35311
0.372605
0.484961
0.244193
0.270505
0.238903
0.467966
0.475491
0.367487
0.526406
0.530029
0.520635
0.612636
0.568822
0.542336
0.69546
0.601766
0.589965
0.673763
0.594088
0.60119
0.576108
0.547854
0.579039
0.540993
0.542243
0.542461
0.405913
0.426056
0.50309
0.0976803
0.284361
0.236773
0.231464
0.484961
0.472583
0.380028
0.540347
0.535461
0.518096
0.540206
0.539969
0.539134
0.540168
0.539937
0.540119
0.537958
0.537392
0.539211
0.530425
0.53404
0.534555
0.543083
0.543315
0.546929
0.434561
0.437411
0.506944
0.299623
0.212029
0.160759
0.422909
0.322319
0.218976
0.498233
0.420743
0.390047
0.505413
0.433749
0.431062
0.505593
0.434263
0.434259
0.505485
0.43461
0.434189
0.517511
0.450991
0.438002
0.533179
0.494785
0.475833
0.437747
0.434583
0.488397
0.108198
0.303856
0.0566643
0.21615
0.280699
0.0796966
0.295788
0.103757
0.102282
0.296386
0.296564
0.312845
0.105413
0.412898
0.256627
0.427231
0.422305
0.394384
0.116056
0.365018
0.0972188
0.0782382
0.186141
0.310972
0.395257
0.422651
0.398117
0.341557
0.394227
0.370804
0.206702
0.306906
0.485037
0.515536
0.520581
0.531122
0.514278
0.517642
0.480818
0.25087
0.0801696
0.375924
0.512736
0.527089
0.527728
0.585396
0.662975
0.556128
0.505596
0.29518
0.52455
0.532315
0.572316
0.595039
0.60217
0.541915
0.506884
0.299211
0.444621
0.520345
0.527666
0.565176
0.543797
0.549751
0.541872
0.506885
0.299205
0.351871
0.51379
0.527628
0.56564
0.633018
0.613891
0.541603
0.505954
0.295408
0.0730247
0.390862
0.52852
0.538776
0.53453
0.527849
0.527865
0.539067
0.497668
0.256635
0.063544
0.320359
0.476261
0.500347
0.485642
0.502078
0.521714
0.519594
0.498562
0.312935
0.160651
0.245084
0.278714
0.249021
0.359828
0.449517
0.407
0.416747
0.314503
0.0319292
0.066423
0.0953854
0.114226
0.173296
0.245547
0.274622
0.0935477
0.28219
0.275035
0.09371
0.246923
0.177406
0.0336211
0.128735
0.177118
0.0336086
0.245055
0.265323
0.0905768
0.246463
0.179777
0.0620198
0.0884638
0.12882
0.134393
0.266872
0.377881
0.265667
0.432416
0.462109
0.354214
0.481995
0.492277
0.416571
0.495364
0.493659
0.417225
0.488446
0.474535
0.363156
0.463167
0.469585
0.361753
0.48112
0.47917
0.40276
0.444263
0.347277
0.274534
0.231165
0.0678172
0.24951
0.149335
0.332515
0.453271
0.429888
0.50377
0.520214
0.506412
0.524972
0.526315
0.519369
0.5267
0.527333
0.521216
0.561443
0.593455
0.527737
0.586409
0.567051
0.515274
0.548858
0.532504
0.511575
0.498412
0.424268
0.398901
0.283516
0.0804172
0.169442
0.361017
0.258345
0.443479
0.49826
0.473948
0.520006
0.526284
0.524353
0.527621
0.527832
0.527626
0.53723
0.537237
0.527808
0.588797
0.665687
0.661061
0.664986
0.588096
0.599964
0.542176
0.542176
0.543287
0.506703
0.436549
0.4339
0.298493
0.515305
0.515203
0.524588
0.527296
0.527283
0.532318
0.543429
0.543429
0.584211
0.610336
0.58251
0.582631
0.545443
0.60702
0.551713
0.551713
0.568933
0.54188
0.54188
0.541915
0.506907
0.437184
0.437108
0.299309
0.1051
0.105055
0.0803203
0.262127
0.381046
0.477637
0.498991
0.514843
0.525425
0.526424
0.527503
0.527828
0.52785
0.565183
0.591185
0.581108
0.581503
0.581138
0.527865
0.585129
0.559492
0.549751
0.541823
0.541823
0.541872
0.506723
0.436589
0.437109
0.298512
0.104714
0.0652878
0.2389
0.270501
0.367484
0.475488
0.467962
0.520621
0.529996
0.52617
0.527839
0.527861
0.527838
0.544367
0.568937
0.616212
0.579379
0.579235
0.632508
0.568415
0.54399
0.563829
0.540885
0.540514
0.541573
0.503301
0.426846
0.434268
0.284865
0.103191
0.231463
0.236771
0.380028
0.472571
0.484951
0.518014
0.535091
0.540093
0.537712
0.535474
0.537682
0.52984
0.524187
0.530149
0.524256
0.526887
0.527849
0.527041
0.526538
0.527865
0.533966
0.532049
0.537694
0.49224
0.38792
0.410287
0.255472
0.0693485
0.160758
0.212028
0.218968
0.322235
0.42288
0.389476
0.417947
0.497205
0.420843
0.405727
0.494832
0.378511
0.373489
0.485036
0.427521
0.487512
0.51896
0.500231
0.493021
0.519299
0.481764
0.484966
0.521216
0.498412
0.439998
0.394347
0.323814
0.106627
0.0566637
0.216003
0.0793359
0.0949467
0.277036
0.253553
0.292847
0.385553
0.426096
0.431499
0.347495
0.384161
0.417963
0.999981
0.169448
0.999236
0.993597
0.986214
0.985872
0.992844
0.999078
0.999977
1
1
0.999402
0.433199
0.986811
0.908495
0.814611
0.810696
0.896438
0.983047
0.99923
0.999992
1
0.996879
0.939861
0.659444
0.372435
0.365715
0.581645
0.902861
0.994413
0.999902
1
0.997316
0.525602
0.94455
0.602274
0.348797
0.0573165
0.378599
0.825529
0.989223
0.999794
0.999999
0.996612
0.933356
0.589526
0.294358
0.0442167
0.450349
0.852717
0.991131
0.999833
0.999999
0.998257
0.324786
0.965656
0.761053
0.541076
0.534725
0.726762
0.952469
0.99749
0.999963
1
0.26957
0.372956
0.411711
0.434375
0.443538
0.44558
0.447259
0.4105
0.459713
0.47058
0.460589
0.44593
0.442449
0.4423
0.441228
0.435583
0.414113
0.375043
0.270667
0.0942984
0.24891
0.245764
0.439197
0.319664
0.405019
0.451307
0.386988
0.338103
0.441084
0.310882
0.304765
0.483556
0.319655
0.356795
0.501061
0.418035
0.478955
0.505176
0.512229
0.522953
0.493629
0.521907
0.510136
0.369326
0.468656
0.358358
0.279902
0.224744
0.218028
0.347548
0.280697
0.315368
0.253292
0.413293
0.267173
0.355267
0.523386
0.479256
0.521013
0.515618
0.525976
0.519786
0.395831
0.497474
0.444052
0.366205
0.218052
0.215469
0.314239
0.275706
0.307169
0.328922
0.223093
0.316317
0.51628
0.450947
0.503302
0.518533
0.514794
0.507541
0.442486
0.473367
0.386748
0.325307
0.311354
0.281781
0.196117
0.0946385
0.270685
0.178664
0.188873
0.10825
0.037769
0.297721
0.158472
0.242587
0.463878
0.310797
0.362539
0.477755
0.399774
0.405137
0.323301
0.367994
0.266006
0.13031
0.0259947
0.0680755
0.0340259
0.11933
0.0343622
0.180235
0.269477
0.178759
0.0864717
0.0227612
0.361686
0.325587
0.497258
0.446371
0.497318
0.492355
0.514382
0.523771
0.516185
0.523796
0.525488
0.527125
0.536699
0.53112
0.538009
0.536337
0.294401
0.139602
0.0442056
0.353108
0.538009
0.536337
0.527026
0.525488
0.527125
0.348775
0.178411
0.178428
0.057322
0.516185
0.523796
0.434376
0.514344
0.492355
0.514381
0.139637
0.44637
0.497317
0.169678
0.490128
0.361684
0.490311
0.262538
0.0953496
0.0809334
0.0151414
0.0693087
0.0787019
0.0192208
0.0347553
0.080517
0.0925508
0.364977
0.392333
0.0851933
0.0624439
0.378831
0.0227737
0.0671594
0.0800163
0.0974284
0.10313
0.104715
0.104813
0.104851
0.105049
0.104505
0.103085
0.0977591
0.0814561
0.069593
0.0820822
0.121462
0.0801777
0.0730258
0.0635452
0.358065
0.394966
0.40371
0.408647
0.402697
0.395893
0.395234
0.376536
0.312447
0.076389
0.312135
0.0941421
0.0782904
0.0652883
0.0721542
0.377331
0.0670204
0.401637
0.0798677
0.0967174
0.404785
0.102247
0.103689
0.395985
0.104031
0.104015
0.395899
0.103949
0.104072
0.395824
0.104213
0.111818
0.391689
0.135831
0.368869
0.0867935
0.0684184
0.0799578
0.0971037
0.101162
0.0973511
0.0808588
0.0691841
0.0685918
0.0809608
0.0978341
0.103392
0.105223
0.106171
0.108634
0.116275
0.0766351
0.0654557
0.0737441
0.074225
0.0654557
0.0781285
0.0782885
0.06618
0.0739043
0.0721528
0.0643466
0.0669198
0.033412
0.0795236
0.0950566
0.07837
)
;
    }
}


// ************************************************************************* //
