/*--------------------------------*- C++ -*----------------------------------*\
  =========                 |
  \\      /  F ield         | OpenFOAM: The Open Source CFD Toolbox
   \\    /   O peration     | Website:  https://openfoam.org
    \\  /    A nd           | Version:  13
     \\/     M anipulation  |
\*---------------------------------------------------------------------------*/
FoamFile
{
    format      ascii;
    class       volScalarField;
    location    "0";
    object      thicknessFraction;
}
// * * * * * * * * * * * * * * * * * * * * * * * * * * * * * * * * * * * * * //

dimensions      [];

internalField   uniform 0;

boundaryField
{
    outsideMinX
    {
        type            fixedValue;
        value           uniform 0;
    }
    insideMaxX
    {
        type            fixedValue;
        value           uniform 0;
    }
    minY
    {
        type            cyclic;
    }
    maxY
    {
        type            cyclic;
    }
    minZ
    {
        type            cyclic;
    }
    maxZ
    {
        type            cyclic;
    }
    solidSurfaces
    {
        type            fixedValue;
        value           nonuniform List<scalar> 
16214
(
0
0
0
0
0
0
0
0
0
0
0
0
0
0
0
0
0
0
0
0
0
0
0
0
0
0
0
0
0
0
0
0
0
0.591917
0.999938
1
0.999988
0.999999
0.99981
0.973078
0.602376
0.964206
1
1
1
1
0.99996
0.839798
0.371015
0.370684
0.903943
0.166865
0.997349
1
0.895729
0.958328
0.990799
1
1
1
1
0.999997
0.999875
0.997531
0.973186
0.836226
0.39967
0.337892
1
1
1
1
1
1
1
1
1
1
1
1
1
1
1
1
1
1
1
1
0.999998
0.999957
0.999469
0.992596
0.996398
0.812961
0.812766
0.997393
0.711852
0.999971
1
0.748297
0.861982
0.967991
1
1
1
1
0.999999
0.999952
0.999041
0.989849
0.943621
0.845314
0.835293
1
1
1
1
1
1
1
1
1
1
1
1
1
1
1
1
1
1
1
1
0.999997
0.999941
0.99924
0.989136
0.994905
0.96475
0.964717
1
0.941732
1
1
1
0.758144
0.941623
1
1
1
1
1
0.999994
0.99985
0.998271
0.990351
0.975513
0.975573
1
1
1
1
1
1
1
1
1
1
1
1
1
1
1
1
1
1
1
1
0.999997
0.999934
0.999139
0.987847
0.994243
0.996088
0.996086
1
0.993266
1
1
1
0.732489
0.930694
1
1
1
1
1
1
0.99999
0.999856
0.999116
0.997729
0.99788
1
1
1
1
1
1
1
1
1
1
1
1
1
1
1
1
1
1
1
1
0.999997
0.999932
0.999115
0.987559
0.994089
0.999754
0.999754
1
1
1
1
0.999567
1
1
1
1
1
1
1
1
1
0.729224
0.928719
1
1
1
1
1
1
1
1
1
1
1
1
1
1
1
1
1
1
1
1
1
1
1
1
1
1
1
1
0.999999
1
1
1
0.999993
1
1
1
0.999979
1
1
1
0.999982
1
1
1
1
1
1
1
1
1
1
1
1
1
1
1
1
1
1
1
1
1
1
1
0.999997
0.999932
0.999112
0.987511
0.994062
0.999991
0.999991
1
0.999985
1
1
0.999999
0.729689
0.929034
1
1
1
1
1
1
1
1
1
1
1
1
1
1
1
1
1
1
1
1
1
1
1
1
1
1
1
1
1
1
1
0.999997
0.999932
0.999111
0.994059
0.999999
0.999999
1
0.999998
1
1
0.999999
0.735653
0.932469
1
1
1
1
1
1
1
1
1
1
1
1
1
1
1
1
1
1
1
1
1
1
1
1
1
1
1
1
1
1
1
0.999997
0.999932
0.99911
0.987498
0.994055
0.999951
0.999951
1
0.999912
1
1
1
0.768388
0.942479
1
1
1
1
1
1
1
1
1
1
1
1
1
1
1
1
1
1
1
1
1
1
1
1
1
1
1
1
1
1
1
0.999997
0.999932
0.999113
0.987507
0.994068
0.998945
0.998945
1
0.998159
1
1
1
1
1
1
1
1
1
1
1
1
1
1
1
1
1
1
1
0.999999
0.999992
0.999995
1
1
0.999992
0.999904
1
0.999998
0.999974
0.999744
0.999447
1
1
1
1
1
1
1
1
1
1
1
1
1
1
1
1
1
1
1
1
0.999997
0.999937
0.999176
0.994415
0.987416
0.987407
1
0.978718
1
1
1
1
1
0.913166
1
1
1
1
1
0.906413
1
1
1
1
1
0.999999
0.999987
0.999849
0.998888
1
1
1
1
1
1
1
1
1
1
1
1
1
1
1
1
1
1
1
1
0.999998
0.999957
0.999431
0.991527
0.913567
0.913478
1
0.861331
1
1
1
1
1
1
1
1
1
1
1
1
1
1
0.999993
0.999922
0.99949
0.998315
0.99713
0.996556
0.995686
0.994363
1
1
1
1
1
1
1
1
1
1
1
1
1
1
1
1
1
1
1
1
0.999999
0.999984
0.999789
0.997205
0.998616
0.63863
0.638326
1
0.47514
1
1
1
1
1
1
1
1
1
1
1
1
1
1
0.999999
0.999985
0.999904
0.999694
0.999472
0.999351
0.999208
0.999119
1
1
1
1
1
1
1
1
1
1
1
1
1
1
1
1
1
1
1
1
1
0.999997
0.999964
0.999547
0.999766
0.999689
0.999976
0.999999
0.999999
0.999971
0.999282
0.990232
0.924047
0.648802
0.177587
0.174943
0.174745
0.177242
0.649317
0.924241
0.990262
0.999285
0.999971
0.999999
1
1
1
1
1
1
1
0.997404
0.999757
0.999989
0.999999
0.999967
0.999204
0.989261
0.917063
0.619268
0.0679543
0.0680413
0.619938
0.917311
0.989299
0.999207
0.999967
0.999999
1
1
1
1
1
1
1
0.989273
0.998928
0.999943
0.999998
0.999988
0.999676
0.995296
0.962872
0.839746
0.633038
0.527599
0.632967
0.839923
0.96296
0.995311
0.999677
0.999988
1
1
1
1
1
1
1
1
0.977865
0.997708
0.999872
0.999996
0.999998
0.999946
0.999089
0.992175
0.965605
0.921025
0.896271
0.920998
0.965617
0.992186
0.999091
0.999946
0.999998
1
1
1
1
1
1
1
1
0.972326
0.997064
0.999833
0.999995
1
0.999996
0.999918
0.999172
0.995968
0.990099
0.986723
0.990095
0.995967
0.999173
0.999919
0.999996
1
1
1
1
1
1
1
1
1
0.971208
0.99693
0.999826
0.999995
1
1
0.999997
0.999956
0.999745
0.999309
0.999044
0.999309
0.999745
0.999956
0.999997
1
1
1
1
1
1
1
1
1
1
0.971099
0.996918
0.999826
0.999995
1
1
1
0.999999
0.999992
0.999974
0.999962
0.999974
0.999992
0.999999
1
1
1
1
1
1
1
1
1
1
0.971094
0.996917
0.999826
0.999995
1
1
1
1
1
0.999999
0.999999
0.999999
1
1
1
1
1
1
1
1
1
1
1
1
0.971094
0.996917
0.999826
0.999995
1
1
1
1
1
1
1
1
1
1
1
1
1
1
1
1
1
1
1
1
0.971094
0.996917
0.999826
0.999995
1
1
1
1
1
1
1
1
1
1
1
1
1
1
1
1
1
1
1
1
0.971095
0.996917
0.999826
0.999995
1
1
1
1
1
1
1
1
1
1
1
1
1
1
1
1
1
1
1
1
0.971121
0.99692
0.999826
0.999995
1
1
1
1
1
1
1
1
1
1
1
1
1
1
1
1
1
1
1
1
0.971502
0.996965
0.999828
0.999995
1
1
1
1
1
1
1
1
1
1
1
1
1
1
1
1
1
1
1
1
0.974246
0.997293
0.999847
0.999995
1
1
1
1
1
1
1
1
1
1
1
1
1
1
1
1
1
1
1
1
1
0.983288
0.998301
0.999907
0.999997
1
1
1
1
1
1
1
1
1
1
1
1
1
1
1
1
1
1
1
1
0.994253
0.999443
0.999972
0.999999
1
1
1
1
1
1
1
1
1
1
1
1
1
1
1
1
1
1
1
1
1
0.999026
0.999915
0.999996
1
1
1
1
1
1
1
1
1
1
1
1
1
1
1
1
1
1
1
1
0.999999
1
0.999919
0.999994
1
1
1
1
1
1
1
1
1
1
1
1
1
1
1
1
1
1
1
1
1
0.999991
0.999998
0.999997
1
1
1
1
1
1
1
1
1
1
1
1
1
1
1
1
1
1
1
1
1
1
0.99997
0.999992
1
1
1
1
1
1
1
1
1
1
1
1
1
1
1
1
1
1
1
1
1
1
0.999999
0.999948
0.999987
1
1
1
1
1
1
1
1
1
1
1
1
1
1
1
1
1
1
1
1
1
1
0.999999
0.999936
0.999984
1
1
1
1
1
1
1
1
1
1
1
1
1
1
1
1
1
1
1
1
1
1
0.999999
0.999924
0.999981
1
1
1
1
1
1
1
1
1
1
1
1
1
1
1
1
1
1
1
1
1
1
0.999999
0.99992
0.99998
1
1
1
1
1
1
1
1
1
1
1
1
1
1
1
1
1
1
1
1
1
1
1
1
1
1
1
1
1
0.999997
0.999999
0.999964
0.999925
0.999972
0.999872
0.998966
0.999502
0.998368
0.992939
0.995479
0.989392
0.975517
0.978871
0.964173
0.954416
0.948003
0.934534
0.944509
0.925989
0.921604
0.942443
0.919726
0.919047
0.942229
0.918839
0.918785
0.942218
0.918774
0.918772
0.942218
0.918771
0.918771
0.94222
0.918772
0.918774
0.942273
0.918785
0.918839
0.942996
0.919047
0.919726
0.947954
0.921603
0.925989
0.964157
0.934533
0.948003
0.985717
0.964173
0.978871
0.997054
0.989392
0.995479
0.999695
0.998368
0.999502
0.999985
0.999872
0.999972
1
0.999995
0.999999
1
1
1
1
1
1
1
1
1
1
1
1
0.999997
0.999999
0.999995
0.99969
0.999841
0.999335
0.999986
0.999994
0.999968
0.998807
0.999546
0.998193
0.999938
0.999982
0.999902
0.997644
0.999299
0.997261
0.999869
0.999971
0.999846
0.997052
0.999219
0.996959
0.996926
0.999208
0.996917
0.815125
0.730199
0.883925
0.998211
0.99821
0.883909
0.815162
0.996915
0.999207
0.996914
0.996914
0.999207
0.996914
0.996915
0.999208
0.996917
0.725716
0.991263
0.5432
0.991472
0.996926
0.999218
0.996959
0.997052
0.999299
0.997261
0.997644
0.999546
0.998193
0.998807
0.999841
0.999335
0.99969
0.999972
0.999872
0.996397
0.999502
0.998368
0.977933
0.995479
0.989392
0.927592
0.978871
0.964172
0.870993
0.948003
0.934534
0.850361
0.925989
0.921604
0.846806
0.919727
0.919048
0.846454
0.91884
0.918786
0.846435
0.918775
0.918772
0.846434
0.918772
0.918772
0.846438
0.918772
0.918775
0.846527
0.918786
0.91884
0.847727
0.919048
0.919727
0.856925
0.921604
0.925989
0.895863
0.934533
0.948003
0.956817
0.964172
0.978871
0.990352
0.989392
0.995479
0.998853
0.998368
0.999502
0.999929
0.999872
0.999972
0.999998
0.999995
0.999999
1
1
1
1
1
1
1
1
1
0.557272
0.177587
0.177242
0.840264
0.959901
0.994194
0.999557
1
1
1
1
1
1
1
0.999997
0.999348
0.997259
0.916151
0.802063
0.587205
0.134944
0.992957
0.974646
0.99172
1
1
1
1
1
1
1
1
1
1
1
1
1
1
1
1
1
1
1
1
1
1
1
1
1
1
1
1
1
1
1
1
1
1
1
1
1
1
1
1
0.999998
0.999991
0.999961
0.99986
0.99957
0.998918
0.643727
0.781034
0.643099
0.780552
0.840496
0.960215
0.17066
0.482952
0.482581
0.639884
0.70446
0.992094
0.994757
0.948966
0.98612
0.933637
0.981459
1
1
0.990613
0.995601
0.88535
0.94764
0.885054
0.94749
0.994287
0.999568
0.718432
0.86513
0.876354
0.932439
0.948478
0.955259
0.926355
0.978647
0.923521
0.977204
1
1
0.988281
0.994471
0.979127
0.992764
0.979063
0.992741
1
1
0.943422
0.979317
0.981862
0.992294
0.994531
0.99555
0.92231
0.976517
0.921809
0.97621
1
1
0.987645
0.994135
0.997826
0.999436
0.997819
0.999434
1
1
1
1
0.993436
0.998197
1
1
1
1
1
1
1
1
1
1
1
1
1
1
1
1
1
1
1
1
1
0.999998
1
1
0.999957
0.999998
0.999991
0.999604
0.999967
0.999905
0.998409
0.999782
0.9996
0.997488
0.999425
0.999368
0.99948
0.999674
0.999764
0.99994
0.92162
0.976083
0.921552
0.976032
1
1
0.987524
0.99407
0.999874
0.999873
0.999976
1
0.999572
0.999913
0.978083
1
0.999993
0.999997
1
1
1
1
0.921526
0.976013
0.921518
0.976007
1
1
0.987506
0.999996
0.999999
1
1
0.999985
0.999997
0.990202
0.999995
0.999994
1
1
1
1
1
1
1
0.999998
0.999993
0.921521
0.976005
0.921532
0.976005
1
1
0.987502
0.994057
0.999996
0.999999
0.999996
1
1
0.999997
0.999985
0.999967
0.781379
0.781704
1
1
1
1
1
1
1
0.921542
0.976
0.921516
0.975986
1
1
0.987493
0.994053
0.999976
0.999873
1
1
0.999913
0.999572
0.554365
1
1
1
1
1
1
0.921319
0.975967
0.920744
0.976025
1
0.987628
0.999436
0.997826
0.999434
0.997819
1
1
0.998197
0.993435
1
1
1
1
1
1
0.999998
0.999999
0.999999
0.999997
1
1
1
0.999969
0.999988
0.999956
1
1
1
0.999744
0.999862
0.999615
0.999993
0.999915
0.999039
0.999079
0.998277
0.920491
0.976548
0.92229
0.978455
1
1
0.989278
0.992764
0.979127
0.992741
0.979064
1
1
0.979317
0.943421
0.997852
0.999108
0.998291
0.981522
0.973577
0.996741
0.995252
0.974269
0.972807
0.994544
0.994005
0.972032
0.971408
0.993614
0.9931
0.97027
0.96572
0.991986
0.989866
0.929168
0.948197
0.982756
0.987456
0.989527
1
1
0.994549
0.997427
0.947638
0.885348
0.94749
0.885054
1
1
0.865127
0.718425
1
1
0.998784
0.999379
0.781033
0.643727
0.780556
0.643102
1
1
0.482947
0.170659
1
1
0.999849
0.99992
0.999556
0.999909
0.999974
0.999994
0.999999
1
1
1
0.999997
0.999982
0.999528
0.980035
0.948032
0.882819
0.772217
0.629019
0.629148
0.772458
0.883004
0.948138
0.980082
0.99338
0.9981
0.99953
0.999982
0.999997
1
1
1
1
1
1
1
1
1
1
1
1
0.999144
0.997516
0.371874
0.221231
1
1
0.99351
0.985752
0.325668
0.208519
0.189897
0.208466
0.317446
0.325718
0.534725
1
1
0.973656
0.959019
1
1
0.946229
0.938141
1
1
0.934073
0.932377
1
1
0.931557
0.931547
1
1
0.931545
0.931545
1
0.931545
1
0.931547
1
1
0.932378
0.934078
1
0.938152
0.946252
1
0.959059
0.973708
1
1
1
1
0.997509
0.999189
0.999996
0.999999
0.999948
0.999982
0.999996
0.99999
0.999958
0.999989
1
1
0.999942
0.999985
1
1
0.999931
0.999982
1
1
0.999918
0.999979
1
1
0.999933
0.999982
1
1
1
1
1
1
1
1
1
1
1
1
1
1
1
1
1
1
1
1
1
1
1
1
1
1
1
1
0.999999
1
0.99999
0.999996
0.905648
1
0.853979
0.847596
0.99299
0.848444
0.869344
0.869203
0.976326
0.9034
0.998733
0.994605
1
0.999997
1
1
1
1
1
0.999999
0.999195
0.997967
0.977162
0.949621
0.979859
0.999181
0.998733
0.98329
0.998338
1
1
1
0.923292
0.634944
0.930246
0.642699
0.892347
0.885896
0.886244
0.759833
0.869264
0.971275
0.865045
0.610168
0.999697
0.927215
0.996372
0.999898
0.999908
0.999974
1
0.999994
1
1
1
1
1
1
1
1
1
1
1
1
0.999995
1
0.999995
0.999989
0.999975
0.999948
0.982217
0.996409
0.972851
0.95576
0.933537
0.95498
0.808461
1
1
0.999679
0.952857
0.998211
0.999926
0.999993
0.999533
0.951898
0.998037
0.999993
0.999473
0.999997
0.999984
0.999653
0.998435
1
1
1
1
0.999998
1
0.996535
0.999977
0.997742
0.987919
0.878433
0.992318
0.999986
0.998664
0.934023
0.995512
1
1
1
1
0.996381
0.999989
0.998961
0.987621
0.914423
0.99582
0.775496
0.653586
0.970721
0.779849
0.883658
0.83184
0.982231
0.885756
0.999806
0.999476
0.999999
0.999996
0.811899
0.686133
0.988368
0.817797
0.968285
0.713923
0.283885
0.0915498
0.51582
0.979096
0.799533
0.647114
0.586292
0.960551
0.999898
0.986064
0.973028
0.985816
0.999951
0.999956
0.999984
1
1
1
1
1
1
1
1
1
1
1
0.999998
0.999998
0.996254
0.997819
1
1
1
1
0.763246
0.610484
0.948413
0.888963
0.996712
0.999944
1
1
1
0.999989
1
0.977321
0.886743
0.750951
0.993548
0.762915
0.927938
0.999886
0.966083
0.998655
0.999886
0.999648
0.998655
0.993549
0.995404
0.927933
0.977301
0.871219
0.750826
0.213147
0.56423
0.999766
0.999954
1
1
1
1
0.995948
0.986546
0.825894
0.993075
0.999435
0.757781
0.994051
0.900904
0.782744
0.844645
0.745485
0.980383
0.939821
0.980792
0.993648
0.998729
0.99476
0.99981
0.999711
0.999889
0.999542
0.998728
0.999711
0.98038
0.994759
0.980788
0.948064
0.844622
0.939812
0.757784
0.74546
0.90187
0.823341
1
1
0.959995
0.953821
0.342921
0.736378
0.708579
0.678018
0.823851
0.826855
0.826556
0.826845
0.863208
0.77569
0.754734
0.663412
0.745383
0.88377
0.782022
0.844613
0.979256
0.933299
0.979252
0.933302
0.994579
0.998756
0.994577
0.998757
0.980794
0.948045
0.980378
0.93982
0.994762
0.998211
0.993648
0.998729
0.999903
0.999734
0.999903
0.999735
0.999735
0.998756
0.999734
0.998756
0.999889
0.999542
0.99981
0.999711
0.999711
0.998211
0.999542
0.998729
0.979252
0.994576
0.979247
0.994578
0.933293
0.826827
0.933288
0.826828
0.980795
0.993649
0.980386
0.994762
0.939827
0.883956
0.948086
0.844649
0.826987
0.826984
1
1
1
0.901906
0.782785
0.757795
0.745504
0.996313
0.979854
0.999997
0.999994
0.990073
0.789785
0.842333
0.800995
0.996866
0.801848
0.801764
0.999955
1
1
1
0.999999
0.999994
0.999999
0.999818
0.999965
0.904672
0.779687
1
0.801856
0.999992
0.80186
1
0.801877
0.801867
1
0.999801
0.999965
0.999809
0.904542
0.784691
0.905873
0.204747
0.557508
0.954308
1
0.801887
1
0.801902
0.999999
0.801972
0.801928
0.999883
0.998966
0.996045
0.799185
0.794546
0.771153
0.786175
1
1
1
1
0.998939
0.99976
0.563021
0.21097
0.21137
0.928145
0.968233
0.915392
0.953555
0.375068
0.982407
0.802081
0.999502
0.802293
0.955133
0.794798
0.801953
0.684886
0.955737
0.974528
0.656364
0.658038
0.797959
0.997687
0.999727
0.998784
0.748699
0.853281
0.735152
1
0.999978
0.999948
0.999991
1
1
1
0.999998
1
1
1
1
1
1
1
1
0.960591
1
1
1
1
1
1
0.999963
0.998825
0.93354
0.997466
0.989627
0.997058
1
1
1
1
1
0.999999
1
1
0.804826
0.809556
0.857557
0.735028
0.778404
0.758653
0.9976
0.999858
1
0.99997
0.988149
0.989513
0.863102
0.957718
0.941675
0.996052
0.999404
0.992447
0.983829
0.795442
0.79115
0.798001
0.801295
0.800951
1
1
1
1
1
1
1
0.999995
1
0.999999
1
1
1
1
1
0.902642
0.781971
0.999999
0.999992
1
1
0.999999
1
1
1
0.999992
1
1
1
1
1
1
1
0.999999
1
1
0.901567
0.961075
0.700395
0.792656
0.761938
0.999578
0.997144
0.996846
0.993169
0.989782
0.991293
0.987453
0.995263
0.926663
0.980102
0.814188
0.778759
0.807067
0.805876
0.807479
0.807598
0.807102
0.796382
0.803162
0.884608
0.814997
0.986324
0.980708
0.990013
0.995338
1
1
1
0.942651
0.918484
0.75236
0.757225
0.634272
0.601852
0.826671
0.734261
0.706984
0.375855
0.389049
0.932699
0.916638
0.891471
0.781634
0.931724
0.810645
0.999042
0.999063
0.965173
0.964216
0.997361
0.98422
0.992344
0.999909
0.999763
0.999675
0.999968
0.999964
0.999991
0.999993
1
1
0.999997
1
0.999995
1
1
1
1
1
1
1
1
1
1
1
1
1
1
1
1
1
1
1
1
1
1
1
1
1
0.999999
0.999997
1
1
0.999998
1
0.999996
0.999949
0.999856
0.999985
0.999883
0.999218
0.999874
0.999771
0.993608
0.989871
0.999154
0.994784
0.996131
0.966263
0.938374
0.974605
0.904834
0.917204
0.851845
0.976707
0.928932
0.68174
0.708095
0.856885
0.903698
0.729915
0.637807
1
1
1
1
1
1
0.998821
0.999307
0.96552
0.982109
0.998765
0.993975
0.999985
0.999832
0.999993
0.999978
0.999689
0.999894
0.981353
0.911528
0.86542
0.960693
0.992056
0.994879
0.984785
0.993569
0.999974
0.999985
0.999973
0.997634
0.998506
0.999624
0.999876
0.999999
0.999984
0.999915
0.999973
0.999864
0.999842
0.999919
0.997743
0.999607
1
1
1
1
1
1
0.999144
0.996434
0.999969
0.999877
0.996919
0.999431
0.963592
0.987621
0.819136
0.943653
0.989388
0.977557
0.999926
0.999998
0.999995
1
1
0.99966
0.968408
1
1
1
1
1
0.987118
1
1
1
1
1
1
1
1
1
1
1
0.999085
0.996491
0.999118
0.963231
0.987911
0.963932
0.220552
0.645966
0.65163
0.388672
0.588684
0.578306
0.960552
0.943987
0.657618
0.882065
0.830496
1
1
1
1
1
0.806316
0.968085
0.999935
0.99989
0.999999
1
0.999998
0.935588
0.961701
0.98683
1
1
1
1
0.999992
0.999953
0.999901
0.99996
0.99998
0.999884
0.999148
0.999799
1
0.999993
0.999997
0.999993
0.999978
0.78006
0.561201
0.211034
0.225542
0.834296
0.587959
0.801554
0.566674
0.959095
0.933811
0.62328
0.854106
0.213684
0.226719
0.413281
0.156203
0.33261
0.319313
0.95498
0.999699
0.999508
0.980463
0.987529
0.995838
0.899506
0.164671
0.621577
0.949063
0.967553
0.926877
0.443371
0.517259
0.837091
0.958382
0.90074
0.99179
0.985
0.995359
0.987437
0.997307
0.998119
0.965473
0.999944
0.993415
0.990134
0.999724
0.999467
0.99755
0.999999
0.999994
0.999898
0.999997
1
0.999999
1
1
1
1
1
1
1
1
1
1
1
1
1
1
1
1
1
1
1
1
0.999999
1
0.999999
0.999995
0.999922
0.99931
0.99883
0.999776
0.996381
0.999413
0.994711
1
1
1
1
1
0.798712
0.83464
0.658177
0.260751
0.971426
0.899888
0.835453
0.788017
0.319292
0.999382
0.999848
0.999281
1
1
1
0.999996
0.999973
0.999996
1
1
1
1
1
1
1
1
1
0.7556
0.759321
0.996397
0.997627
0.992755
0.977933
0.98102
0.957248
0.870994
0.799866
0.756266
0.85036
0.737007
0.729494
0.846806
0.726755
0.725843
0.846453
0.725572
0.725502
0.846434
0.725486
0.725484
0.846434
0.725483
0.725483
0.846437
0.725484
0.725486
0.846526
0.725502
0.725572
0.847727
0.725843
0.726755
0.856924
0.729494
0.737007
0.895864
0.756265
0.799865
0.956818
0.861022
0.917004
0.990352
0.957247
0.981019
0.998853
0.992755
0.997627
0.999929
0.999335
0.999841
0.999998
0.999968
0.999994
1
0.999999
1
1
1
1
1
1
1
1
1
0.999999
0.987562
0.993818
0.981769
0.928317
0.953501
0.896878
0.820112
0.897229
1
0.80398
1
0.999995
0.802129
0.99999
0.999976
0.801965
0.999978
0.999995
0.801956
0.999998
1
0.801956
1
1
0.801958
1
0.999995
0.801998
0.99999
0.999976
0.802579
0.999978
0.999995
0.808108
0.999998
1
0.748572
1
0.897229
0.860942
0.748296
0.799576
0.9679
0.896878
0.953501
0.995845
0.981768
0.993818
0.999706
0.998193
0.999546
0.999989
0.999902
0.999982
1
0.999997
1
1
1
1
1
1
1
0.999998
1
0.999997
0.976807
0.990819
0.973525
0.872337
0.93419
0.858579
1
1
0.999975
0.999973
0.999903
0.998092
0.999874
0.996446
0.992282
0.999971
0.992817
0.99788
1
0.999014
0.999967
1
0.999993
0.999967
0.999971
0.999877
0.99788
0.999874
0.996203
0.992275
0.999973
0.992905
0.998089
1
0.999149
0.999975
1
0.999995
1
0.755924
0.807816
0.736767
0.941615
0.858578
0.934189
0.992036
0.973524
0.990819
0.999401
0.997261
0.999299
0.999976
0.999846
0.999971
0.999999
0.999995
0.999999
1
1
1
1
1
1
0.999996
0.999999
0.999995
0.971783
0.989864
0.971022
0.852221
0.928848
0.849694
0.999915
0.999991
0.998937
0.994257
0.99634
0.939849
0.99425
0.766339
0.939893
0.999915
0.972555
0.998941
1
0.999737
0.999999
0.729347
0.802354
0.726661
0.930435
0.849694
0.928847
0.990157
0.971022
0.989864
0.999243
0.996959
0.999218
0.999969
0.999828
0.999968
0.999999
0.999995
0.999999
1
1
1
1
1
1
0.999995
0.999999
0.999995
0.970746
0.989726
0.970661
0.848816
0.928104
0.848551
0.998307
0.999971
0.997068
0.998316
0.931458
0.997103
0.999997
0.999256
0.999995
0.725772
0.801787
0.72551
0.928277
0.848552
0.928103
0.989758
0.970661
0.989726
0.99921
0.996917
0.999208
0.999967
0.999826
0.999967
0.999999
0.999995
0.999999
1
1
1
1
1
1
0.999995
0.999999
0.999995
0.97064
0.989717
0.970635
0.848481
0.928049
0.848466
0.996968
0.999969
0.996924
0.99701
0.92907
0.996972
0.999995
0.999223
0.999995
0.725442
0.801748
0.725428
0.928058
0.848467
0.928048
0.989718
0.970635
0.989717
0.999207
0.996914
0.999207
0.999967
0.999826
0.999967
0.999999
0.999995
0.999999
1
1
1
1
1
1
0.999995
0.999999
0.999995
0.970635
0.989717
0.970635
0.848464
0.928049
0.848466
0.996923
0.999969
0.996918
0.996972
0.928645
0.996956
0.999995
0.999218
0.999995
0.725425
0.801748
0.725427
0.928046
0.848467
0.928048
0.989716
0.970635
0.989717
0.999207
0.996914
0.999207
0.999967
0.999826
0.999967
0.999999
0.999995
0.999999
1
1
1
1
1
1
0.999995
0.999999
0.999995
0.996915
0.999969
0.996923
0.996943
0.928103
0.99692
0.999995
0.999208
0.999995
0.725443
0.801787
0.72551
0.928058
0.848552
0.928103
0.989718
0.970661
0.989726
0.999207
0.996917
0.999208
0.999967
0.999826
0.999967
0.999999
0.999995
0.999999
1
1
1
1
1
1
0.999995
0.999999
0.999995
0.970746
0.989864
0.971022
0.848816
0.928848
0.849693
0.801914
0.72666
0.802353
0.996957
0.999977
0.997642
0.996928
0.935144
0.997298
0.999995
0.999307
0.999996
0.725772
0.802353
0.726661
0.928277
0.849694
0.928846
0.989758
0.971022
0.989864
0.99921
0.996959
0.999218
0.999967
0.999828
0.999968
0.999999
0.999995
0.999999
1
1
1
1
1
1
0.999995
0.999999
0.999995
0.971783
0.990819
0.973525
0.852221
0.93419
0.858579
0.803732
0.736768
0.807817
0.998192
0.999998
0.999691
0.896879
0.998863
0.978232
0.997718
0.985162
0.999446
0.999996
0.999865
0.999999
0.729347
0.807816
0.736767
0.930434
0.858578
0.93419
0.990157
0.973524
0.990819
0.999243
0.997261
0.999298
0.999969
0.999846
0.999971
0.999999
0.999995
0.999999
1
1
1
1
1
1
0.999995
0.999999
0.999995
0.976807
0.993818
0.981769
0.872337
0.953501
0.896878
0.819773
0.799577
0.748297
0.999881
0.897229
0.999998
0.990501
0.999991
0.999739
0.942248
0.999401
0.997992
0.928979
0.997632
0.997357
0.928745
0.997348
0.997345
0.928744
0.997345
0.997345
0.92881
0.997345
0.997348
0.935829
0.997358
0.997663
0.985218
0.998059
0.999499
0.999761
0.999798
0.999994
1
0.999999
0.897229
0.755924
0.748296
0.799576
0.941615
0.896878
0.953501
0.992036
0.981768
0.993818
0.999401
0.998193
0.999546
0.999976
0.999902
0.999982
0.999999
0.999997
1
1
1
1
1
1
1
0.999996
1
0.999997
0.987562
0.997627
0.992755
0.928318
0.98102
0.957248
0.764555
0.917004
0.861022
0.82011
0.799864
0.756264
0.803975
0.737007
0.729496
0.802025
0.726758
0.725846
0.801813
0.725576
0.725506
0.801803
0.72549
0.725487
0.801803
0.725486
0.725486
0.801805
0.725487
0.72549
0.801856
0.725506
0.725576
0.802546
0.725846
0.726758
0.808107
0.729496
0.737007
0.748573
0.756263
0.799864
0.860942
0.861022
0.917004
0.9679
0.957247
0.98102
0.995845
0.992755
0.997627
0.999706
0.999335
0.999841
0.999989
0.999968
0.999994
1
0.999999
1
1
1
1
1
1
1
0.999998
1
0.999999
0.194437
0.638633
0.526658
0.978794
0.978944
0.995337
0.999833
0.999521
0.999981
1
1
1
1
1
1
1
1
1
1
1
1
1
1
1
0.999978
0.999998
0.999984
0.999401
0.999911
0.999573
0.991241
0.998255
0.993874
0.928963
0.981532
0.95215
0.668285
0.893463
0.796943
0.233211
0.675329
0.606309
0.241802
0.667041
0.62084
0.664862
0.680774
0.797594
0.927707
0.893631
0.952738
1
1
1
1
1
1
1
1
1
1
1
1
1
1
1
1
1
1
1
1
1
1
1
1
1
1
1
1
1
1
1
1
1
1
1
1
1
1
1
1
1
1
1
1
1
1
1
1
1
1
1
1
1
1
1
1
1
1
1
1
0.99999
0.999998
0.999988
0.999838
0.999949
0.999803
0.998529
0.999345
0.998166
0.750025
0.91357
0.882317
0.999526
0.999838
0.999981
1
1
1
1
1
1
1
1
1
1
1
1
1
1
1
1
1
1
0.999992
1
0.999997
0.999768
0.99998
0.999901
0.996621
0.999579
0.998489
0.974032
0.995415
0.988265
0.897026
0.974789
0.954983
0.818732
0.9345
0.924924
0.827537
0.941986
0.929037
0.897962
0.936214
0.955502
0.974783
0.975206
0.988739
1
1
1
1
1
1
1
1
1
1
1
1
1
1
1
1
1
1
1
1
1
1
1
1
1
1
1
1
1
1
1
1
1
1
1
1
1
1
1
1
1
1
1
1
1
1
1
1
1
1
1
1
1
1
1
1
1
1
1
1
0.999987
0.999997
0.999986
0.999772
0.999936
0.999753
0.997867
0.999174
0.997679
0.951133
0.987416
0.982238
1
1
1
1
1
1
1
1
1
1
1
1
1
1
1
1
1
1
1
1
1
0.999999
1
1
0.999966
0.999998
0.999991
0.999443
0.999956
0.99983
0.995519
0.999455
0.998554
0.982906
0.996845
0.994392
0.972374
0.992008
0.991088
0.974061
0.993723
0.991638
0.983096
0.992161
0.994413
0.995742
0.996894
0.998632
1
1
1
1
1
1
1
1
1
1
1
1
1
1
1
1
1
1
1
1
1
1
1
1
1
1
1
1
1
1
1
1
1
1
1
1
1
1
1
1
1
1
1
1
1
1
1
1
1
1
1
1
1
1
1
1
1
1
1
1
0.999985
0.999997
0.999985
0.999743
0.999933
0.999738
0.99758
0.999123
0.997532
0.994376
0.998945
0.998455
0.997636
0.999606
0.999415
0.998398
0.999437
0.999603
0.999626
0.999788
0.999913
1
1
1
1
1
1
1
1
1
1
1
1
1
1
1
1
1
1
1
1
1
1
1
1
1
1
1
1
1
1
1
1
1
1
1
1
1
1
1
1
1
1
1
1
1
1
1
1
1
1
1
1
1
1
1
1
1
1
1
1
0.999985
0.999997
0.999985
0.999736
0.999932
0.999735
0.997512
0.999113
0.997504
0.999632
0.999951
0.999925
1
1
1
1
1
1
1
1
1
1
1
1
1
1
1
1
1
1
1
1
1
1
1
1
1
1
1
1
1
1
1
1
1
1
1
1
1
1
1
0.999999
1
1
1
1
0.999874
0.999985
0.999976
0.999915
0.999977
0.999984
0.999983
0.999992
0.999997
1
1
1
1
1
1
1
1
1
1
1
1
1
1
1
1
1
1
1
1
1
1
1
1
1
1
1
1
1
1
1
1
1
1
1
1
1
1
1
1
1
1
1
1
1
1
1
1
1
1
1
1
1
1
1
1
1
1
1
1
0.999985
0.999997
0.999985
0.999735
0.999932
0.999735
0.9975
0.999111
0.997499
0.999987
0.999999
0.999998
1
1
1
1
1
1
1
1
1
1
1
1
1
1
1
1
1
1
1
1
1
1
1
1
1
1
1
1
1
1
1
1
1
1
1
1
1
1
1
1
1
1
1
1
1
0.999996
1
0.999999
0.999998
0.999999
1
1
1
1
1
1
1
1
1
1
1
1
1
1
1
1
1
1
1
1
1
1
1
1
1
1
1
1
1
1
1
1
1
1
1
1
1
1
1
1
1
1
1
1
1
1
1
1
1
1
1
1
1
1
1
1
1
1
1
1
1
1
1
1
0.999985
0.999997
0.999985
0.999735
0.999932
0.999735
0.997499
0.999111
0.997498
0.999998
0.999991
0.999987
1
1
1
1
1
1
1
1
1
1
1
1
1
1
1
1
1
1
1
1
1
1
1
1
1
1
1
1
1
1
1
1
1
1
1
1
1
1
1
1
1
1
1
1
1
1
1
1
1
1
1
1
1
1
1
1
1
1
1
1
1
1
1
1
1
1
1
1
1
1
1
1
1
1
1
1
1
1
1
1
1
1
1
1
1
1
1
1
1
1
1
1
1
1
1
1
1
1
1
1
1
1
1
1
1
1
1
1
1
1
1
1
1
1
0.999985
0.999997
0.999985
0.999735
0.999932
0.999735
0.997497
0.99911
0.997496
0.999925
0.999754
0.999632
1
1
1
1
1
1
1
1
1
1
1
1
1
1
1
1
1
1
1
1
1
1
1
1
1
1
1
1
1
1
1
1
1
1
1
1
1
1
1
1
1
1
1
1
1
1
1
1
1
1
1
1
1
1
1
1
1
1
1
1
1
1
1
1
1
1
1
1
1
1
1
1
1
1
1
1
1
1
1
1
1
1
1
1
1
1
1
1
1
1
1
1
1
1
1
1
1
1
1
1
1
1
1
1
1
1
1
1
1
1
1
1
1
1
0.999985
0.999997
0.999985
0.999736
0.999933
0.999741
0.997505
0.99913
0.997547
0.998455
0.996088
0.994376
1
1
1
1
1
1
1
1
1
1
1
1
1
1
1
1
1
1
1
1
1
1
1
1
1
1
1
1
1
1
1
1
1
1
1
1
1
1
1
1
1
1
1
1
1
1
1
1
1
1
1
1
1
1
1
1
1
1
1
1
1
1
1
1
1
1
1
1
1
1
1
1
1
1
1
1
1
1
1
1
1
1
1
1
1
1
1
1
1
1
1
1
1
1
1
1
1
1
1
0.999986
0.999998
0.999988
0.999755
0.999945
0.999785
0.997671
0.999275
0.997941
0.982238
0.964749
0.951132
1
1
1
1
1
1
1
1
1
1
1
1
1
1
1
1
1
1
1
1
1
1
1
1
1
1
1
1
1
1
1
1
1
1
1
1
1
1
1
1
1
1
0.999997
0.999999
0.999997
0.999953
0.999989
0.999961
0.999571
0.999877
0.999653
1
1
1
1
1
1
1
1
1
1
1
1
1
1
1
1
1
1
1
1
1
1
1
1
1
1
1
1
1
1
1
1
1
1
1
1
1
1
1
1
1
1
1
1
1
1
1
1
1
1
1
1
1
1
1
1
1
1
1
1
0.999991
0.999999
0.999994
0.999831
0.999971
0.999887
0.998383
0.99962
0.998924
0.882314
0.812957
0.750019
1
1
1
1
1
1
1
1
1
1
1
1
1
1
1
1
1
1
1
1
1
1
1
1
1
1
1
1
1
1
1
1
1
1
1
1
1
1
1
1
1
1
0.999998
1
0.999999
0.999976
0.999997
0.999988
0.999785
0.999961
0.999894
0.999025
0.999757
0.999535
0.997597
0.99922
0.998898
0.996809
0.998661
0.998497
0.996238
0.998367
0.998213
0.99488
0.997981
0.997702
0.995308
0.997616
0.998043
1
1
1
1
1
1
1
1
1
1
1
1
1
1
1
1
1
1
1
1
1
1
1
1
1
1
1
1
1
1
1
1
1
1
1
1
1
1
1
1
1
1
1
1
1
1
1
1
1
1
1
1
1
1
1
1
1
1
1
1
0.999997
1
0.999998
0.999937
0.999993
0.999971
0.999409
0.999903
0.999731
0.526653
0.371015
0.194435
1
1
1
1
1
1
1
1
1
1
1
1
1
1
1
1
1
1
1
1
1
1
1
1
1
1
1
1
1
1
1
1
1
1
1
1
1
1
1
1
1
1
1
1
1
0.999995
1
0.999999
0.999958
0.999995
0.999986
0.999815
0.999968
0.999938
0.999569
0.999898
0.999857
0.999404
0.999824
0.9998
0.999291
0.999782
0.999763
0.999122
0.999738
0.999714
0.999284
0.999718
0.999771
1
1
1
1
1
1
1
1
1
1
1
1
1
1
1
1
1
1
1
1
1
1
1
1
1
1
1
1
1
1
1
1
1
1
1
1
1
1
1
1
1
1
1
1
1
1
1
1
1
1
1
1
1
1
1
1
1
1
1
1
0.999999
1
1
0.999989
0.999999
0.999997
0.999898
0.999989
0.999967
0.999904
0.999029
0.999682
0.999995
0.999915
0.999981
1
0.999996
0.999999
0.999995
0.999999
0.999994
0.999843
0.999964
0.99981
0.997155
0.999138
0.996614
0.970843
0.988447
0.965652
0.82631
0.910585
0.79469
0.371589
0.579466
0.220839
0.826673
0.580173
0.795183
0.970927
0.910843
0.965761
0.997165
0.988486
0.996626
0.999844
0.999141
0.999811
0.999995
0.999964
0.999994
1
0.999999
1
1
1
1
1
1
1
1
1
1
1
1
1
1
1
1
0.999128
0.99423
0.998029
0.999943
0.999438
0.999863
0.999998
0.999972
0.999995
0.999995
0.999999
0.999996
0.999825
0.999977
0.999877
0.99686
0.999429
0.997712
0.96806
0.992088
0.976326
0.81099
0.938565
0.861385
0.316987
0.727531
0.534393
0.811459
0.727961
0.861699
0.968165
0.938737
0.976401
0.996871
0.992115
0.99772
0.999826
0.999431
0.999878
0.999995
0.999977
0.999996
1
1
1
1
1
1
1
1
1
1
1
1
1
1
1
1
1
1
0.996298
0.983268
0.994184
0.999733
0.998297
0.99957
0.99999
0.999906
0.999983
0.999998
0.999997
0.999999
0.999933
0.999995
0.999971
0.998666
0.999853
0.999371
0.98575
0.997717
0.992939
0.916781
0.981383
0.958153
0.736269
0.919901
0.86959
0.557024
0.818726
0.779326
0.556938
0.76354
0.779278
0.736358
0.818674
0.869597
0.91693
0.919955
0.958208
0.985789
0.981418
0.992956
0.998671
0.997723
0.999373
0.999933
0.999853
0.999971
0.999998
0.999995
0.999999
1
1
1
1
1
1
1
1
1
1
1
1
1
1
1
1
1
1
0.992242
0.974241
0.990895
0.999416
0.997292
0.999307
0.999976
0.999847
0.999971
0.999999
0.999995
0.999999
0.99999
1
0.999997
0.999759
0.999984
0.999925
0.997096
0.9997
0.999004
0.982167
0.997229
0.993531
0.943692
0.987293
0.978879
0.903273
0.969972
0.962947
0.903251
0.960208
0.962939
0.943685
0.969961
0.978874
0.982183
0.987294
0.993535
0.997101
0.997232
0.999005
0.999759
0.999701
0.999925
0.99999
0.999984
0.999997
1
1
1
1
1
1
1
1
1
1
1
1
1
1
1
1
1
1
1
1
1
0.990163
0.971501
0.989844
0.999247
0.996965
0.999221
0.999968
0.999828
0.999967
0.999999
0.999995
0.999999
0.999999
1
1
0.999981
0.999999
0.999996
0.999715
0.999982
0.999932
0.998002
0.999792
0.999475
0.993151
0.998904
0.998088
0.987668
0.997181
0.99645
0.987665
0.996165
0.996449
0.993149
0.99718
0.998087
0.998002
0.998903
0.999475
0.999715
0.999792
0.999932
0.999981
0.999982
0.999996
0.999999
0.999999
1
1
1
1
1
1
1
1
1
1
1
1
1
1
1
1
1
1
1
1
1
1
0.98973
0.971121
0.989697
0.999212
0.99692
0.99921
0.999967
0.999826
0.999967
0.999999
0.999995
0.999999
1
1
1
0.999999
1
1
0.999986
1
0.999998
0.999883
0.999992
0.999978
0.999542
0.99995
0.999906
0.999119
0.999855
0.999812
0.999118
0.999795
0.999812
0.999541
0.999855
0.999906
0.999883
0.99995
0.999978
0.999986
0.999992
0.999998
0.999999
1
1
1
1
1
1
1
1
1
1
1
1
1
1
1
1
1
1
1
1
1
1
1
1
1
1
0.989689
0.971095
0.989687
0.999209
0.996917
0.999209
0.999967
0.999826
0.999967
0.999999
0.999995
0.999999
1
1
1
1
1
1
1
1
1
0.999997
1
1
0.999984
0.999999
0.999998
0.999966
0.999996
0.999995
0.999966
0.999994
0.999995
0.999984
0.999996
0.999998
0.999997
0.999999
1
1
1
1
1
1
1
1
1
1
1
1
1
1
1
1
1
1
1
1
1
1
1
1
1
1
1
1
1
1
1
0.989687
0.971094
0.989687
0.999209
0.996917
0.999209
0.999967
0.999826
0.999967
0.999999
0.999995
0.999999
1
1
1
1
1
1
1
1
1
1
1
1
1
1
1
0.999999
1
1
0.999999
1
1
1
1
1
1
1
1
1
1
1
1
1
1
1
1
1
1
1
1
1
1
1
1
1
1
1
1
1
1
1
1
1
1
1
1
1
1
0.989687
0.971094
0.989687
0.999209
0.996917
0.999209
0.999967
0.999826
0.999967
0.999999
0.999995
0.999999
1
1
1
1
1
1
1
1
1
1
1
1
1
1
1
1
1
1
1
1
1
1
1
1
1
1
1
1
1
1
1
1
1
1
1
1
1
1
1
1
1
1
1
1
1
1
1
1
1
1
1
1
1
1
1
1
1
0.989687
0.971094
0.989687
0.999209
0.996917
0.999209
0.999967
0.999826
0.999967
0.999999
0.999995
0.999999
1
1
1
1
1
1
1
1
1
1
1
1
1
1
1
1
1
1
1
1
1
1
1
1
1
1
1
1
1
1
1
1
1
1
1
1
1
1
1
1
1
1
1
1
1
1
1
1
1
1
1
1
1
1
1
1
1
0.989687
0.971099
0.989689
0.999209
0.996918
0.999209
0.999967
0.999826
0.999967
0.999999
0.999995
0.999999
1
1
1
1
1
1
1
1
1
1
1
1
1
1
1
1
1
1
1
1
1
1
1
1
1
1
1
1
1
1
1
1
1
1
1
1
1
1
1
1
1
1
1
1
1
1
1
1
1
1
1
1
1
1
1
1
1
0.989697
0.971208
0.98973
0.99921
0.99693
0.999212
0.999967
0.999826
0.999967
0.999999
0.999995
0.999999
1
1
1
1
1
1
1
1
1
1
1
1
1
1
1
1
1
1
1
1
1
1
1
1
1
1
1
1
1
1
1
1
1
1
1
1
1
1
1
1
1
1
1
1
1
1
1
1
1
1
1
1
1
1
1
1
1
0.989844
0.972328
0.990164
0.999221
0.997064
0.999247
0.999967
0.999834
0.999968
0.999999
0.999995
0.999999
1
1
1
1
1
1
1
1
1
1
1
1
1
1
1
1
1
1
1
1
1
1
1
1
1
1
1
1
1
1
1
1
1
1
1
1
1
1
1
1
1
1
1
1
1
1
1
1
1
1
1
1
1
1
1
1
1
0.990897
0.977877
0.992248
0.999307
0.99771
0.999417
0.999971
0.999872
0.999976
0.999999
0.999996
0.999999
1
1
1
1
1
1
1
1
1
1
1
1
1
1
1
1
1
1
1
1
1
1
1
1
1
1
1
1
1
1
1
1
1
1
1
1
1
1
1
1
1
1
1
1
1
1
1
1
1
1
1
1
1
1
1
1
1
0.994194
0.989298
0.99631
0.999571
0.998933
0.999735
0.999983
0.999943
0.99999
1
0.999998
1
1
1
1
1
1
1
1
1
1
1
1
1
1
1
1
1
1
1
1
1
1
1
1
1
1
1
1
1
1
1
1
1
1
1
1
1
1
1
1
1
1
1
1
1
1
1
1
1
1
1
1
1
1
1
1
1
1
0.998041
0.997416
0.999135
0.999865
0.999761
0.999944
0.999995
0.999989
0.999998
1
1
1
1
1
1
1
1
1
1
1
1
1
1
1
1
1
1
1
1
1
1
1
1
1
1
1
1
1
1
1
1
1
1
1
1
1
1
1
1
1
1
1
1
1
1
1
1
1
1
1
1
1
1
1
1
1
1
1
1
0.999683
0.999692
0.999903
0.999981
0.999975
0.999995
0.999999
0.999999
1
1
1
1
1
1
1
1
1
1
1
1
1
1
1
1
1
1
1
1
1
1
1
1
1
1
1
1
1
1
1
1
1
1
1
1
1
1
1
1
1
1
1
1
1
1
1
1
1
1
1
1
1
1
1
1
1
1
1
1
1
0.999976
0.999982
0.999995
0.999999
0.999999
1
1
1
1
1
1
1
1
1
1
1
1
1
1
1
1
1
1
1
1
1
1
1
1
1
1
1
1
1
1
1
1
1
1
1
1
1
1
1
1
1
1
1
1
1
1
1
1
1
1
1
1
1
1
1
1
1
1
1
1
1
1
1
0.999999
0.999999
0.999999
1
1
1
1
1
1
1
1
1
1
1
1
1
1
1
1
1
1
1
1
1
1
1
1
1
1
1
1
1
1
1
1
1
1
1
1
1
1
1
1
1
1
1
1
1
1
1
1
1
1
1
1
1
1
1
1
1
1
1
1
1
1
1
1
0.999998
1
0.999998
1
1
1
1
1
1
1
1
1
1
1
1
1
1
1
1
1
1
1
1
1
1
1
1
1
1
1
1
1
1
1
1
1
1
1
1
1
1
1
1
1
1
1
1
1
1
1
1
1
1
1
1
1
1
1
1
1
1
1
1
1
1
1
1
1
1
0.999997
0.999999
0.999997
1
1
1
1
1
1
1
1
1
1
1
1
1
1
1
1
1
1
1
1
1
1
1
1
1
1
1
1
1
1
1
1
1
1
1
1
1
1
1
1
1
1
1
1
1
1
1
1
1
1
1
1
1
1
1
1
1
1
1
1
1
1
1
1
1
1
0.999996
0.999999
0.999996
1
1
1
1
1
1
1
1
1
1
1
1
1
1
1
1
1
1
1
1
1
1
1
1
1
1
1
1
1
1
1
1
1
1
1
1
1
1
1
1
1
1
1
1
1
1
1
1
1
1
1
1
1
1
1
1
1
1
1
1
1
1
1
1
1
1
0.999996
0.999999
0.999995
1
1
1
1
1
1
1
1
1
1
1
1
1
1
1
1
1
1
1
1
1
1
1
1
1
1
1
1
1
1
1
1
1
1
1
1
1
1
1
1
1
1
1
1
1
1
1
1
1
1
1
1
1
1
1
1
1
1
1
1
1
1
1
1
1
1
0.999996
0.999999
0.999996
0.79428
0.776391
0.80602
0.796923
0.942667
0.84445
0.949165
0.778023
0.739001
0.804131
0.808992
0.72539
0.801682
0.800038
0.734172
0.73075
0.849211
0.929904
1
1
1
1
1
0.982734
0.936059
0.949051
0.991434
0.716497
0.591022
0.641065
0.764218
0.68562
0.80861
0.99999
0.716429
0.596618
0.752737
0.872067
0.999952
0.999816
0.816952
0.877055
0.76281
1
1
1
0.861106
0.731371
0.739857
0.829347
0.745201
0.731392
0.756315
0.758862
0.758141
0.759102
0.759157
0.758864
0.758141
0.756309
0.745207
0.719488
0.847211
0.719324
0.801217
0.795301
0.848026
0.725196
0.723805
0.819765
0.731039
0.745027
0.7342
0.757858
0.758809
0.758861
0.757857
0.756038
0.745012
0.752123
0.863921
0.755962
0.86145
0.876232
0.712362
0.706694
0.767626
0.809134
0.796923
0.764314
0.709541
0.877344
0.734373
0.794208
0.897332
0.82564
0.854522
0.783593
0.711532
0.606688
0.999434
0.871408
0.706398
0.687194
0.787363
0.796484
0.99858
0.908263
0.999993
1
1
0.565533
1
0.999991
0.999998
0.999999
1
0.934024
0.996948
0.998701
0.994832
0.995341
0.9984
0.993748
0.805228
0.896036
0.716027
0.899951
0.825942
0.727022
0.826432
0.800705
0.661362
0.634778
0.9848
0.997018
0.995785
0.992521
0.999956
0.999934
0.999631
0.999989
0.999976
0.99999
1
1
1
1
1
1
1
1
1
1
1
1
0.999992
0.999976
0.99995
0.999075
0.998685
0.999727
0.999805
0.99966
0.9944
1
1
1
1
1
0.988578
0.817799
0.996437
0.99995
0.998306
1
0.999991
1
1
1
1
1
1
1
0.999999
0.99982
0.999993
0.664268
0.685384
0.397709
0.561551
0.405618
0.618842
0.239367
0.951432
0.975396
0.972405
0.93463
0.890416
0.677555
0.915057
0.84399
0.972883
0.99924
0.929663
0.610814
0.641658
0.785697
0.804439
0.819194
0.962226
0.901856
0.907682
0.997351
0.999799
0.999545
0.999039
0.990739
0.986608
0.996107
0.995961
0.8086
0.948367
0.918755
0.999542
0.971234
0.999984
0.999966
0.997775
0.999736
0.999903
1
1
0.999974
0.999964
0.999997
0.999994
0.999996
1
1
0.999999
1
1
1
1
1
1
1
1
0.999998
1
1
1
1
1
1
1
1
1
1
1
1
1
1
1
1
1
1
1
1
1
1
1
1
0.999999
0.999999
0.999995
0.999958
0.99992
0.999794
0.999426
0.995595
0.988577
0.977246
1
1
1
1
1
1
1
1
1
1
1
1
1
1
1
1
0.951767
0.998268
0.992009
0.99894
0.997719
0.999579
0.999881
0.999774
0.999444
1
1
1
1
1
1
1
1
0.999998
0.999978
0.999998
0.999997
1
1
1
0.979138
0.942181
0.94668
0.818137
0.940283
0.907071
0.766601
0.87156
0.881034
0.988608
0.983177
0.970515
0.807183
0.878985
0.902285
0.871217
0.962356
0.933876
0.999593
0.999677
0.998883
0.986487
0.981931
0.992666
0.995405
0.999256
0.997472
0.999973
0.999677
0.999918
0.999852
0.999806
0.99992
0.999647
0.999256
0.999806
0.996936
0.983178
0.99192
0.986485
0.997472
0.992666
0.966079
0.962357
0.981931
0.978816
0.942132
0.945797
0.807203
0.933881
0.902295
0.762929
0.871468
0.878972
0.803331
0.802875
0.802728
0.792596
0.801939
0.801873
0.802453
0.804125
0.897236
0.802289
0.802736
0.802159
0.802125
0.802116
0.802118
0.802116
0.802116
0.802118
0.802165
0.802126
0.802317
0.802847
0.809552
0.804525
0.730156
0.816929
0.811762
0.741456
0.72931
0.727879
0.85652
0.854574
0.741076
0.719468
0.801076
0.808167
0.805833
0.810293
0.744293
0.811652
0.811175
0.744931
0.810344
0.811576
0.725341
0.713746
0.850207
0.757687
0.60857
0.667208
0.731718
0.707063
0.809886
0.804889
0.805966
0.796764
0.667014
0.777449
0.794727
0.757595
0.78085
0.891415
0.995044
0.998187
0.99861
0.997917
0.999787
0.999417
0.996333
0.99845
0.998921
1
1
1
1
1
1
0.237844
0.666231
0.623987
0.942064
0.892509
0.830261
0.799384
0.899022
0.88972
0.980801
0.898928
0.980214
0.960579
0.796724
0.876762
0.916569
0.998388
0.99941
1
1
1
0.999964
0.999952
0.998606
1
1
1
1
1
1
1
0.999999
1
0.999999
0.999998
1
0.999999
0.999984
0.999998
0.999996
0.999978
0.999997
0.999997
0.999984
0.999998
0.999999
0.99999
0.999999
1
0.999999
1
1
1
1
1
1
1
1
1
1
1
0.999999
1
0.999999
0.999998
1
0.999999
0.999984
0.999998
0.999996
0.999978
0.999997
0.999997
0.999984
0.999998
0.999999
0.99999
0.999999
1
0.999999
1
1
1
1
1
1
1
1
0.999999
1
1
0.999999
1
0.999994
0.999995
0.999999
0.999989
0.99987
0.999945
0.999975
0.999685
0.999916
0.99946
0.99915
0.999765
0.999885
0.999424
0.999474
0.994505
0.998975
0.998398
0.992916
0.997729
0.99792
0.999944
0.999857
0.999733
0.99431
0.997894
0.998347
0.996203
0.999405
0.998912
0.999999
0.999999
0.999994
0.999618
0.999731
0.9999
0.999877
0.999992
0.999969
1
0.999999
1
0.999997
0.999998
0.999999
0.999993
0.999992
0.999998
0.999988
0.999858
0.999938
0.999618
0.999969
0.9999
0.999014
0.999405
0.999731
0.999884
0.999423
0.999467
0.99431
0.998912
0.998347
0.992815
0.997727
0.997893
0.999946
0.999869
0.999746
0.997917
0.994495
0.998395
0.999459
0.99644
0.998973
0.999999
0.999999
0.999995
0.999765
0.999685
0.999916
0.999994
0.999903
0.999975
1
1
1
0.999999
0.999999
1
1
1
1
0.999981
0.999761
0.999944
0.999995
0.999943
0.999972
0.999445
0.999735
0.999865
0.985253
0.997393
0.993235
0.989183
0.998054
0.994182
0.967705
0.972512
0.985156
0.989403
0.985242
0.972879
0.817958
0.880875
0.906944
0.88672
0.9677
0.940232
0.999683
0.999761
0.99914
0.985164
0.989207
0.994188
0.999446
0.99635
0.998057
0.999999
1
0.999998
0.999866
0.999944
0.999972
0.999999
0.99999
0.999995
0.997717
0.999571
0.999416
0.999973
0.999832
0.999846
0.997298
0.999244
0.999305
0.994267
0.997733
0.992354
0.935593
0.972241
0.97413
0.997324
0.990324
0.991032
0.999983
0.999996
0.999976
0.999314
0.999836
0.999849
0.999996
0.999969
0.999971
0.996934
0.999218
0.99921
0.999969
0.999824
0.999824
0.996925
0.999207
0.999208
0.990025
0.99698
0.989926
0.929098
0.971113
0.971124
0.996973
0.989899
0.989902
0.999968
0.999995
0.999968
0.999223
0.999829
0.999829
0.999995
0.999968
0.999968
0.996922
0.999207
0.999207
0.999969
0.999824
0.999824
0.996921
0.999206
0.999206
0.989897
0.99697
0.989891
0.928918
0.970954
0.971049
0.996965
0.989845
0.989876
0.999968
0.999995
0.999968
0.999221
0.999828
0.999828
0.999995
0.999967
0.999968
0.996912
0.999205
0.999204
0.999969
0.999824
0.999824
0.996914
0.999207
0.999204
0.989801
0.996931
0.989762
0.92802
0.970676
0.970672
0.996923
0.989735
0.98974
0.999967
0.999995
0.999967
0.999209
0.999826
0.999826
0.999995
0.999967
0.999967
0.99705
0.999215
0.99924
0.999973
0.999868
0.999844
0.99726
0.999398
0.999296
0.989764
0.996964
0.98988
0.930791
0.973922
0.971936
0.997066
0.990952
0.990208
0.999967
0.999995
0.999967
0.999246
0.999847
0.999833
0.999995
0.999971
0.999968
0.999544
0.998806
0.999705
0.999995
0.999986
0.999967
0.999335
0.999929
0.99984
0.92833
0.953501
0.967905
0.997629
0.996434
0.992762
0.957317
0.990468
0.981045
0.992308
0.998309
0.994245
0.972529
0.994187
0.989192
0.998938
0.998056
0.996343
0.999976
0.999997
0.999983
0.999736
0.999972
0.999944
0.999999
0.999995
0.99999
0.999974
0.999962
0.999992
0.99999
1
0.999998
0.995926
0.996448
0.998518
0.999957
0.999967
0.999845
0.998864
0.99989
0.999542
0.953993
0.977083
0.98198
0.997646
0.998993
0.995887
0.99214
0.998412
0.993896
0.929554
0.971058
0.971337
0.990939
0.99747
0.990279
0.989879
0.997383
0.989987
0.928747
0.970945
0.970946
0.989847
0.997346
0.989839
0.989837
0.997345
0.989837
0.928744
0.970945
0.970945
0.989837
0.997345
0.989837
0.989837
0.997345
0.989837
0.928758
0.970976
0.970951
0.989837
0.997345
0.989837
0.989848
0.997346
0.989839
0.931501
0.974224
0.972252
0.989884
0.997387
0.990004
0.99107
0.997483
0.990331
0.972729
0.994213
0.98928
0.992406
0.99851
0.994313
0.998064
0.999107
0.996373
0.999139
0.999915
0.999681
0.999136
0.999921
0.99968
0.999975
0.999979
0.999901
0.999998
1
0.999999
0.999995
1
0.999999
0.968978
0.966805
0.919652
0.953786
0.978463
0.970598
0.968275
0.963557
0.970669
0.962202
0.938267
0.811263
0.805573
0.889281
0.708637
0.783909
0.961679
1
1
1
0.835107
0.963119
0.928068
0.972181
0.942445
0.952106
0.974049
1
1
0.97168
0.940119
0.999993
0.999999
1
1
1
1
0.999876
0.999993
0.999967
0.988826
0.996973
0.999999
1
1
0.999907
0.99957
0.999847
0.986793
1
1
1
0.990918
0.988901
0.972892
0.98705
0.996122
0.999768
0.996595
0.999956
0.999996
1
0.999999
0.999974
0.999945
0.99986
0.999955
0.999993
1
0.999992
1
1
0.999999
1
1
1
1
1
1
1
0.999985
0.999695
0.999999
0.999971
0.999281
0.99023
0.924047
0.648801
0.174943
0.174745
0.649317
0.924241
0.990262
0.999285
0.999971
0.999999
0.999784
0.976645
0.840241
0.997054
0.999998
0.999967
0.999203
0.989259
0.917064
0.619264
0.0679542
0.0680413
0.619938
0.917311
0.989299
0.999207
0.999967
0.999999
1
0.999482
0.994242
0.985717
0.999971
0.999987
0.999675
0.995295
0.962872
0.839745
0.633037
0.527599
0.632967
0.839923
0.96296
0.995311
0.999677
0.999988
1
1
1
1
0.964157
0.976603
0.99169
0.998908
0.99994
0.999997
0.999946
0.999089
0.992175
0.965605
0.921025
0.896271
0.920998
0.965617
0.992186
0.999091
0.999946
0.999998
1
1
1
1
0.947954
0.988503
0.998546
0.999858
0.999993
1
0.999996
0.999918
0.999172
0.995968
0.990099
0.986723
0.990095
0.995967
0.999173
0.999919
0.999996
1
1
1
1
1
0.942996
0.989722
0.999163
0.999962
0.999999
1
1
0.999997
0.999956
0.999745
0.999309
0.999044
0.999309
0.999745
0.999956
0.999997
1
1
1
1
1
0.942273
0.98988
0.999205
0.999967
0.999999
1
1
1
0.999999
0.999992
0.999974
0.999962
0.999974
0.999992
0.999999
1
1
1
1
1
1
1
0.94222
0.989915
0.99921
0.999967
0.999999
1
1
1
1
1
0.999999
0.999999
0.999999
1
1
1
1
1
1
1
0.999998
0.942218
0.989921
0.999211
0.999967
0.999999
1
1
1
1
1
1
1
1
1
1
1
1
1
0.999999
0.999984
0.999931
0.99988
0.942218
0.989922
0.999211
0.999967
0.999999
1
1
1
1
1
1
1
1
1
1
1
1
0.999998
0.999956
0.99961
0.998485
0.942229
0.989922
0.999211
0.999967
0.999999
1
1
1
1
1
1
1
1
1
1
1
0.999999
0.999963
0.999411
0.995348
0.982455
0.969936
0.942443
0.989932
0.999212
0.999967
0.999999
1
1
1
1
1
1
1
1
1
1
1
0.99999
0.999738
0.996303
0.972263
0.891383
0.944509
0.990078
0.999223
0.999968
0.999999
1
1
1
1
1
1
1
1
1
1
0.999999
0.999965
0.999168
0.989071
0.919266
0.647222
0.225155
0.954416
0.991116
0.999309
0.999971
0.999999
1
1
1
1
1
1
1
1
1
1
0.999998
0.999925
0.998401
0.981219
0.87573
0.528799
0.975517
0.994339
0.999573
0.999983
1
1
1
1
1
1
1
1
1
1
1
0.999996
0.999859
0.99736
0.971956
0.82563
0.345822
0.992939
0.998088
0.999866
0.999995
1
1
1
1
1
1
1
1
1
1
1
0.999996
0.999868
0.99757
0.974747
0.844437
0.399069
0.998966
0.999689
0.999981
0.999999
1
1
1
1
1
1
1
1
1
1
1
0.999999
0.999953
0.999074
0.990171
0.943019
0.831253
0.999925
0.999976
0.999999
1
1
1
1
1
1
1
1
1
1
1
1
1
0.999994
0.99985
0.998236
0.989588
0.971394
0.999997
0.999999
1
1
1
1
1
1
1
1
1
1
1
1
1
1
1
0.999989
0.999847
0.999001
0.997273
0.998032
0.999556
0.998512
0.992831
1
1
1
1
1
1
1
1
1
1
1
1
1
1
1
1
1
1
0.999994
0.999951
0.999862
0.999889
0.999862
0.999063
0.995882
1
1
1
1
1
1
1
1
1
1
1
1
1
1
1
1
1
1
1
0.999999
0.999996
0.999995
0.999963
0.999707
0.998796
1
1
1
1
1
1
1
1
1
1
1
1
1
1
1
1
1
1
1
1
1
0.999998
0.999974
0.999759
0.998853
1
1
1
1
1
1
1
1
1
1
1
1
1
1
1
1
1
1
1
1
1
0.999997
0.999948
0.999458
0.996467
1
1
1
1
1
1
1
1
1
1
1
1
1
1
1
1
1
1
1
0.999998
0.999956
0.99954
0.996229
0.999929
1
0.999996
0.999886
0.998194
0.98479
0.929596
0.803444
0.803056
0.929619
0.984808
0.998198
0.999886
0.999996
1
0.999783
0.976617
0.840467
0.998853
0.999998
0.990352
0.999923
0.956818
0.998817
0.895864
0.850614
0.856925
0.853451
0.847727
0.854885
0.846526
0.855537
0.846437
0.855723
0.846434
0.855757
0.846434
0.855762
0.846453
0.855766
0.846806
0.855862
0.85036
0.857156
0.870993
0.867194
0.927593
0.909826
0.510787
0.371961
0.977932
0.968727
0.401037
0.996397
0.994312
0.833122
0.99969
0.99945
0.990232
0.972447
0.999022
0.998649
0.999986
0.999972
1
0.999999
1
1
1
1
1
1
0.999998
1
0.999706
1
1
0.999988
0.999757
0.997425
0.983969
0.937533
0.937338
0.983961
0.997426
0.999757
0.999988
1
1
1
0.99949
0.994332
0.995845
0.999988
0.9679
0.999666
0.860942
0.995505
0.748574
0.808755
0.808108
0.803399
0.802579
0.803338
0.801998
0.803568
0.801958
0.803644
0.801956
0.803658
0.801956
0.80366
0.801965
0.803662
0.802129
0.803711
0.80398
0.804408
0.820111
0.811128
0.764554
0.782098
0.889687
0.854521
0.928317
0.904771
0.848947
0.987562
0.982784
0.944253
0.998807
0.998246
0.996507
0.990167
0.999642
0.999389
0.997158
0.999938
0.999902
0.999998
0.999997
1
1
1
1
1
1
0.999989
1
0.999401
1
1
0.999999
0.999983
0.99974
0.99776
0.989296
0.989249
0.997756
0.99974
0.999983
0.999999
1
1
1
1
1
0.992036
0.999973
0.941615
0.999325
0.755926
0.991368
1
0.999999
0.999946
0.999884
0.999988
1
0.999999
0.999944
0.999885
0.999989
1
0.819772
0.808814
0.984692
0.979582
0.872336
0.859733
0.976147
0.976806
0.973666
0.990538
0.997644
0.997255
0.999458
0.998394
0.999947
0.999877
0.999459
0.999869
0.999844
0.999996
0.999995
1
1
1
1
0.999999
1
0.999976
1
0.999243
1
1
1
0.999999
0.999986
0.999828
0.998987
0.998981
0.999827
0.999985
0.999999
1
1
1
1
1
1
0.990157
0.999966
0.930436
0.999153
0.729347
0.989384
0.999999
0.999683
0.98942
0.978823
0.996936
0.999973
0.999593
0.98861
0.979107
0.997391
0.999981
0.803732
0.802401
0.998895
0.998317
0.852221
0.849744
0.997749
0.971783
0.971007
0.999124
0.997052
0.996953
0.999961
0.99987
0.999996
0.999987
0.999833
0.999827
0.999995
0.999995
1
1
1
1
0.999999
1
1
0.999969
0.99921
1
1
1
1
1
0.999993
0.999948
0.999948
0.999993
1
1
1
1
1
1
1
1
1
1
1
0.989758
0.999965
0.928278
0.99912
0.725772
0.988993
0.999984
0.994241
0.816802
0.823239
0.948072
0.999542
0.993647
0.782724
0.825734
0.957296
0.999575
0.801914
0.801782
0.999956
0.999918
0.999998
1
0.848817
0.848545
0.999878
0.970745
0.970655
0.999956
0.996926
0.996915
0.999999
0.999995
1
0.999999
0.999996
0.999826
0.999826
0.999995
0.999995
1
1
1
1
0.999999
1
1
0.999967
0.999207
1
1
1
1
1
1
0.999999
0.999999
1
1
1
1
1
1
1
1
1
1
1
1
0.989718
0.999965
0.928059
0.999124
0.725441
0.989074
0.99997
0.9899
0.727152
0.868319
0.78853
1
1
0.929794
0.999232
0.801755
0.801744
0.999999
0.999997
1
1
1
0.848482
0.848469
0.999996
0.970639
0.970634
0.999999
0.996914
0.996914
1
1
1
1
0.999826
0.999826
0.999995
0.999995
1
1
1
1
0.999999
1
0.999967
0.999207
1
1
1
1
1
1
1
1
1
1
1
1
1
1
1
1
1
1
1
1
0.989716
0.999947
0.928048
0.999018
0.725424
0.989424
0.999969
0.98975
0.725846
1
0.942149
0.910992
0.843991
0.999963
0.99997
0.92906
0.999223
0.801747
0.801743
1
1
1
1
1
0.848465
0.848467
1
0.970634
0.970634
1
0.996914
0.996914
1
1
1
0.999996
0.999976
0.999826
0.999826
0.999995
0.999995
1
1
1
1
0.999999
1
1
0.999967
0.999207
0.999998
1
1
1
1
0.999999
0.999991
0.999991
0.999999
1
1
1
1
1
1
1
1
1
1
1
0.989718
0.992593
0.996562
0.999696
0.999212
0.928059
0.944614
0.972912
0.997095
0.993312
0.725442
0.763098
0.88674
0.985014
0.971519
0.999969
0.989723
0.72521
0.806141
1
1
0.554142
0.664624
0.928194
0.999215
0.801755
0.801742
1
1
1
1
1
0.848483
0.848465
1
0.970639
0.970632
1
0.996915
0.996914
1
1
0.999999
0.999981
0.999833
0.999826
0.999826
0.999995
0.999995
1
1
1
1
0.999999
1
1
0.999967
0.99921
0.999701
0.999938
0.999991
1
1
1
1
0.999997
0.999963
0.999752
0.999751
0.999963
0.999997
1
1
1
1
1
1
1
1
1
1
0.989758
0.989571
0.928278
0.927763
0.725771
0.725822
0.99997
0.989861
0.726635
0.997869
0.962114
0.872093
0.999792
0.581942
0.714479
0.999963
0.796297
0.596443
0.714572
1
1
0.594367
0.714554
1
0.543079
0.857142
0.999434
0.997962
0.928304
0.99921
0.801914
0.801769
0.848816
0.848511
0.970745
0.970638
0.996926
0.996912
0.999826
0.999826
0.999995
0.999995
1
1
1
1
0.999999
1
1
0.999967
0.999243
0.999807
0.999993
1
1
1
1
0.999996
0.999933
0.999327
0.996449
0.996431
0.999326
0.999933
0.999996
1
1
1
1
1
1
1
1
1
0.990157
0.989705
0.930436
0.926953
0.729347
0.724596
0.999983
0.993818
0.799576
1
1
1
1
1
1
0.943723
0.999418
0.803732
0.802341
0.852221
0.849585
0.971783
0.970928
0.997052
0.996938
0.999833
0.999826
0.999995
0.999995
1
1
1
1
0.999999
1
1
0.999969
0.999401
0.999835
0.999995
1
1
1
0.999997
0.999931
0.999126
0.993583
0.972181
0.972077
0.993576
0.999126
0.999931
0.999997
1
1
1
1
1
1
1
1
0.992036
0.990921
0.941615
0.9336
0.755926
0.737013
0.999999
0.999543
0.981176
0.934885
0.928803
0.928744
0.928745
0.92901
0.944321
0.993231
0.999944
0.819772
0.808703
0.872336
0.859432
0.976806
0.973503
0.997644
0.997221
0.999869
0.999841
0.999996
0.999995
1
1
1
1
0.999999
1
1
0.999976
0.999706
0.999902
0.999997
1
1
0.999999
0.999959
0.999274
0.993293
0.964512
0.879253
0.87895
0.964512
0.993299
0.999275
0.999959
0.999999
1
1
1
1
1
1
1
0.995845
0.994312
0.9679
0.956898
0.860942
0.817836
0.748574
0.829477
0.808107
0.810235
0.80254
0.807808
0.801855
0.807593
0.801805
0.807822
0.801803
0.807837
0.801803
0.807836
0.801813
0.807791
0.80203
0.807821
0.803977
0.808589
0.82011
0.815168
0.764554
0.785315
0.928317
0.90595
0.987562
0.98299
0.998807
0.998262
0.999938
0.999903
0.999998
0.999997
1
1
1
1
1
1
1
0.999989
0.999929
0.999958
0.999998
1
1
0.999991
0.996236
0.969884
0.869896
0.557273
0.869976
0.969929
0.996244
0.999746
0.999991
1
1
1
1
1
1
1
0.998853
0.998108
0.990352
0.985799
0.956818
0.942755
0.895863
0.883433
0.856926
0.86121
0.847727
0.857514
0.846527
0.857164
0.846438
0.857145
0.846434
0.857145
0.846435
0.857145
0.846454
0.857148
0.846806
0.857235
0.850361
0.858459
0.870993
0.868229
0.927592
0.910532
0.977932
0.96921
0.996397
0.994469
0.999689
0.999473
0.999986
0.999974
1
0.999999
1
1
1
1
1
1
0.999998
1
1
0.999997
1
0.999999
0.999982
0.9999
0.999991
0.999948
0.999528
0.998094
0.999745
0.998942
0.993362
0.980034
0.996236
0.988511
0.948032
0.882818
0.969884
0.932219
0.772216
0.629018
0.869895
0.792048
0.629148
0.556905
0.79207
0.772458
0.883004
0.869976
0.932293
0.948138
0.980082
0.969929
0.988532
0.99338
0.9981
0.996244
0.99953
0.9999
0.999746
0.999948
0.999982
0.999997
0.999991
1
1
1
1
0.999448
0.993311
0.999447
0.993298
0.957426
0.838563
0.957375
0.838523
0.75
1
0.999999
0.999999
0.999995
0.371874
0.221231
0.959917
0.999994
0.999975
0.999974
0.325668
0.208519
0.189897
0.208466
0.317446
0.325718
0.534725
0.999566
0.950093
0.967101
0.980608
0.992977
0.999673
0.999635
0.998609
1
0.932549
0.92723
0.967725
1
0.930271
0.931481
0.970544
0.971528
1
0.932058
0.932374
0.971908
0.972087
1
0.932548
0.932637
0.972181
0.972229
0.932679
0.932697
0.972251
0.972261
0.99998
0.932704
0.932706
0.972264
0.972266
0.9994
0.932707
0.932707
0.972266
0.972266
0.99051
0.932709
0.93272
0.972267
0.972271
0.932767
0.932953
0.972293
0.972381
0.933566
0.93528
0.972672
0.973481
0.939339
0.947324
0.975342
0.978835
0.320266
0.959848
0.974138
0.984011
0.989745
0.985964
0.993565
0.994477
0.997506
0.219218
0.575825
0.997503
0.99918
0.999056
0.9997
0.792013
0.911084
0.999772
0.999946
0.99992
0.999982
0.992871
0.997538
0.988823
0.967328
0.996392
0.999179
0.999303
0.998595
0.996991
0.999989
0.999998
0.999997
0.999999
0.976511
0.993609
0.984952
1
1
1
1
0.993076
0.997731
0.996476
1
1
1
1
0.998158
0.999147
0.998683
1
1
1
1
0.9982
0.997872
0.996325
1
1
1
1
0.992619
0.996142
1
1
1
1
1
1
1
1
1
1
1
1
1
1
1
1
1
1
1
1
1
0.999989
0.999846
0.998857
1
1
1
0.999999
0.879253
0.877309
0.878949
0.93157
0.960222
0.927593
0.917004
0.861022
0.864448
0.756962
0.996445
0.997474
0.992639
0.981336
0.996838
0.993453
0.981662
0.997881
0.97628
0.989221
1
1
0.999998
1
0.999997
0.972182
0.966457
0.972077
0.985673
0.999576
0.764555
0.799577
0.748297
0.820792
1
1
1
0.987143
0.993291
0.981066
0.95348
0.998881
0.998484
0.995651
0.999525
0.994408
0.998672
0.997015
1
0.999999
0.999996
0.999999
0.999995
0.996449
0.994708
0.99643
0.998321
1
0.819772
0.736768
0.807817
1
1
1
1
1
1
0.97592
0.990074
0.972568
0.934318
0.999836
0.99984
0.999502
0.999954
0.998277
0.999808
0.998807
1
0.999999
0.999995
0.999999
0.999994
0.999752
0.999544
0.999751
0.999895
1
1
1
1
1
1
1
1
1
1
1
1
0.803733
0.726661
0.802354
1
0.999999
1
0.999999
0.999999
0.970825
0.989088
0.970088
0.929205
1
1
1
1
1
1
1
1
1
1
1
1
1
1
1
1
1
0.999998
0.999994
0.999981
1
0.999955
0.999915
1
0.999876
0.999865
1
0.999891
0.999956
0.999997
0.999992
0.999999
1
1
1
0.999989
0.999992
0.999972
0.999998
0.999004
0.999984
0.999069
0.999833
1
0.999968
0.999828
0.999999
0.999994
0.999999
0.999994
0.999991
0.999979
0.999991
0.999997
1
0.801914
0.725509
0.801787
0.999997
0.999984
0.999996
0.999995
0.999972
0.999996
0.999974
0.969848
0.988995
0.969842
0.92869
0.965528
1
1
0.990824
1
1
0.999999
1
0.999088
0.999999
0.999092
0.999826
1
0.999967
0.999826
0.999999
0.999994
0.999999
0.999994
1
1
1
1
1
0.801754
0.725426
0.801747
0.999995
0.999971
0.999995
0.99997
0.999995
0.99997
0.999995
0.99997
0.970033
0.989252
0.970549
0.930064
0.725861
1
1
1
1
0.99909
0.999083
0.999826
1
0.999967
0.999826
0.999998
0.99999
0.999995
0.999973
1
0.999999
1
1
0.801746
0.725426
0.801747
0.999995
0.99997
0.999995
0.99997
0.999995
0.999995
0.971549
0.988816
0.972569
0.936761
0.725633
1
1
1
1
0.999059
0.999932
0.998994
0.999826
0.999967
0.999826
0.99684
0.997659
0.998367
0.999292
0.999557
0.999717
0.999632
0.999987
0.999924
0.999791
0.999957
0.999989
0.999948
0.999997
0.999948
0.999979
1
0.97064
0.989694
0.989726
0.972009
0.970661
0.990738
0.974616
0.998982
0.997503
0.848482
0.93092
0.928104
0.853354
0.848551
0.936264
0.861932
0.992908
0.984906
0.801754
0.731607
0.725509
0.805388
0.801787
0.741948
0.999997
0.999999
0.999997
0.815842
0.824591
1
1
1
0.781991
0.826734
0.940552
0.819486
0.907522
0.88113
0.971325
0.954588
0.954588
0.992506
0.96234
0.566729
0.714236
0.998995
0.99975
0.582169
0.714479
0.999991
0.59618
0.714567
1
1
0.5967
0.714572
1
0.596183
0.714567
1
0.594615
0.714554
1
0.56668
0.714399
0.999951
0.856761
0.995734
0.996737
0.967577
1
1
1
1
1
0.998867
0.999616
0.998045
0.999826
1
0.999967
0.999826
0.996677
0.996821
0.999047
0.999151
0.998987
0.999895
0.998981
0.999544
1
0.997486
0.954177
0.755919
1
0.764109
0.999951
0.892162
0.56655
0.71425
0.999128
0.999787
1
0.568103
1
0.9996
0.80376
0.755628
0.778065
1
1
1
0.595927
0.714567
1
1
1
1
1
1
0.755601
0.796286
1
1
0.595928
0.714567
1
1
1
1
1
0.672642
1
0.976302
0.999839
0.958909
0.937941
0.566504
0.714414
1
1
1
1
0.944596
0.997535
0.989396
1
1
1
0.995489
0.988455
0.999826
1
0.999968
0.999828
0.996906
0.997047
0.999182
0.999221
0.989296
0.998321
0.989249
0.994708
1
0.999833
1
0.999971
0.999846
0.997299
0.997726
0.99929
0.999407
0.937532
0.985673
0.937338
0.966457
1
0.999869
1
0.999982
0.999902
0.998331
0.998935
0.99957
0.999715
0.803445
0.931571
0.803056
0.877309
1
0.999938
1
0.999994
0.999968
0.99999
1
1
0.999999
0.999948
0.998942
0.988511
0.93222
0.792048
0.556905
0.79207
0.932293
0.988532
0.998945
0.999948
0.999999
1
1
1
1
1
1
0.99447
0.969079
0.910439
0.868209
0.858456
0.857235
0.857145
0.857164
0.857515
0.861217
0.88348
0.942889
0.985872
0.999995
1
1
1
1
1
1
1
0.999986
0.999999
0.999995
0.955472
0.981685
0.999993
0.788665
0.776567
0.999998
0.796671
0.788903
0.859192
0.897264
0.808912
0.995614
1
0.851301
0.999995
0.850158
1
1
1
1
1
1
0.850139
0.83384
0.849081
0.999992
0.686822
0.389616
0.949818
0.922741
0.99993
0.999826
1
0.999999
1
1
1
1
1
1
1
1
1
0.999999
0.998569
0.996869
0.949352
0.921722
0.848835
1
0.86036
1
0.957461
0.873262
1
0.859561
0.849769
1
0.849499
0.849409
1
0.849409
0.849409
1
0.84941
0.849511
1
0.84982
0.86133
0.150585
0.940248
0.24114
0.403017
0.99959
0.999916
0.795801
1
1
0.755804
1
1
1
1
1
1
0.987149
0.999655
0.99999
0.800275
0.995905
0.999999
0.999998
0.999993
0.99931
1
0.960451
0.997276
1
1
0.220239
1
0.829912
0.578363
0.997766
0.965908
0.999646
0.999213
0.983312
0.969695
1
1
1
1
1
1
1
1
0.999677
0.999197
0.999997
0.999995
0.22273
0.825004
0.834815
0.583542
0.997642
0.989713
0.942207
0.887515
0.999432
0.999974
0.575389
0.999994
0.99921
0.930767
0.999996
0.219005
1
0.999999
0.501203
0.994068
0.999997
0.398726
1
0.946744
1
0.933797
1
0.99941
1
0.980467
1
0.975035
0.999235
0.999819
0.999573
0.999903
1
1
0.999873
1
1
0.999999
1
1
1
1
1
1
1
1
1
1
1
1
1
1
1
1
1
1
1
1
1
1
1
1
1
1
0.999995
0.999986
0.999976
0.999942
0.996244
1
1
1
1
1
1
1
1
1
1
1
1
0.999414
0.996633
0.999975
0.999846
0.999994
0.999954
1
1
1
1
1
0.999997
0.999996
0.999972
1
1
0.999999
0.999992
0.905463
0.990219
0.852958
0.850105
0.989752
0.848822
1
0.884435
0.779851
0.684617
0.721059
0.848806
0.989733
0.848637
0.911094
0.844174
0.810526
0.9311
0.861013
0.860868
0.997174
0.804707
0.805604
0.731079
0.802716
0.802641
0.729065
0.848489
0.989753
0.848766
0.91158
0.84459
0.693948
0.662254
0.693899
0.662162
0.717797
0.728762
0.710368
0.716079
0.849668
0.992035
0.872332
0.993824
0.999978
0.664111
0.863927
0.954222
0.999979
0.779476
0.884393
0.721041
0.684221
1
0.563736
0.960669
0.773141
0.808248
0.804133
0.759509
1
0.795471
0.802792
0.724661
0.710121
1
0.734729
0.734476
1
0.806
0.731386
0.802116
0.733685
1
0.780423
0.722137
0.685944
0.876662
0.877534
0.967681
0.438204
0.686529
0.683423
0.38894
0.911568
0.991192
0.984694
0.971743
0.955068
0.995683
0.676293
1
0.815119
0.82329
1
1
1
0.992416
0.995984
0.998496
0.999993
0.999996
0.999999
0.999811
0.999974
0.999854
0.903222
0.826768
0.923379
0.208648
0.654799
0.410774
0.907096
0.90752
0.973392
0.992278
0.9767
0.849007
0.661455
0.72878
0.99376
0.949171
0.913781
0.974164
0.972787
0.992262
0.976515
0.904161
0.997771
0.90607
0.999371
0.999442
0.0926837
0.136343
1
1
1
0.534019
0.880298
0.747852
0.743749
0.519755
0.859054
0.994016
0.997734
0.933151
0.360261
1
0.744582
1
1
0.999435
1
0.998303
1
1
0.312971
0.614473
0.726112
0.905934
0.863302
0.896432
0.965894
0.938193
0.976238
0.992234
1
1
0.999999
0.999999
1
0.999881
1
0.999986
1
1
1
1
1
1
1
0.999992
0.999999
0.999999
1
1
0.999983
1
1
1
1
1
1
1
1
1
1
1
1
1
1
1
1
1
1
1
1
1
1
1
1
1
1
1
1
1
0.982775
0.991025
0.987791
0.995605
0.98744
1
1
1
1
1
1
1
1
1
1
0.93318
0.982517
0.970728
0.88851
0.821016
0.834221
0.861121
0.810325
0.69881
0.991064
0.997774
0.996998
0.99938
0.999444
1
1
1
1
1
0.999999
1
1
1
1
1
1
0.814084
0.817817
0.997467
0.999169
0.999989
0.994852
0.956715
0.959206
0.980599
0.856123
0.938022
0.998098
0.994443
0.997501
0.992512
0.97772
0.991676
0.996547
0.989701
1
0.802
0.71103
0.802754
0.723553
1
1
1
1
0.999996
0.999999
1
0.999999
0.999994
1
1
1
1
1
1
1
1
0.990397
0.789773
0.804891
0.730879
0.726769
1
1
1
1
1
1
1
1
1
1
1
1
1
1
0.999998
0.867321
0.71388
0.708813
0.998469
0.997103
0.998551
0.995095
0.998763
0.996097
0.962901
0.985546
0.970883
0.913293
0.969297
0.965336
0.999997
1
0.999997
0.817937
0.809129
0.214245
0.498263
0.85345
0.660102
0.815991
0.572065
0.82023
0.748669
0.849682
1
0.876324
0.708419
0.679744
1
0.731068
0.733598
1
0.807487
0.807599
0.734732
0.802116
0.802116
0.734496
1
0.725657
0.712812
1
1
1
0.818785
0.861433
0.853607
0.83374
0.698832
0.117901
0.922505
0.360309
0.545669
0.204676
0.307034
0.554541
0.120899
0.721517
0.800413
0.967223
0.997348
0.983569
0.982485
0.993219
0.996419
0.993121
0.99856
0.99939
0.999998
0.999987
1
0.999998
0.999999
0.999999
0.999999
1
1
1
1
1
1
1
1
1
1
1
1
1
1
1
1
1
1
1
1
1
1
1
1
1
0.999999
1
0.999976
0.999994
0.999506
0.999617
0.996513
0.997701
0.998935
0.998265
0.983151
0.989705
0.815196
0.477348
0.66092
0.213907
0.799546
0.923857
0.960116
0.817955
0.917961
0.687205
0.873053
0.344601
0.694497
0.813276
0.857057
0.506569
0.277886
1
1
1
1
1
0.997532
0.999877
0.99953
0.987036
0.995721
0.999965
0.999973
0.999995
0.999987
0.999932
0.96538
0.986346
0.940244
0.976716
0.999996
0.999918
0.999862
0.999386
0.999906
0.999993
0.999978
0.999993
0.999961
0.999966
0.999947
0.999965
0.999278
0.999819
0.999408
0.99745
0.999002
0.999752
0.999312
0.999115
0.997188
0.999308
0.999835
0.999231
0.962855
0.990191
0.970515
0.919008
0.968478
0.999969
1
0.999999
1
1
0.999429
0.986858
1
1
1
1
1
1
1
1
1
1
1
1
1
0.253485
0.703243
0.43986
0.382825
0.226978
0.792877
0.793539
0.928582
0.856607
0.938428
0.921263
0.827568
0.954111
0.935495
1
1
1
0.927453
0.991846
0.999988
0.999979
0.999996
0.973583
0.999205
0.999628
0.999809
0.999917
0.998914
0.999997
0.999984
0.999959
0.99999
0.25803
0.388868
0.692442
0.406898
0.798811
0.93088
0.663076
0.852408
0.937367
0.785932
0.790759
0.999863
0.999978
0.999879
0.915264
0.811616
0.999999
0.999996
1
0.13485
0.129098
0.989119
0.998076
0.998796
0.993441
0.87714
0.195168
0.25164
0.408559
0.772957
0.527754
0.884007
0.621007
0.66453
0.407488
0.874247
1
0.93152
1
1
0.9938
1
0.974644
1
1
0.992003
0.961663
0.99149
0.985093
0.999561
0.998615
0.997207
0.995121
0.999636
0.999943
0.998581
0.998449
0.999753
0.999993
0.999999
0.999998
0.999995
0.999964
0.999993
0.999981
0.999942
0.999989
0.999998
1
1
1
1
1
1
1
1
1
1
1
1
1
1
1
1
1
1
1
1
1
1
1
1
1
1
1
1
1
1
1
1
1
1
1
1
1
1
1
1
1
1
0.999998
1
1
0.999983
0.999999
1
0.999962
0.999991
0.999999
0.999998
1
0.999984
0.999889
0.999885
0.999987
0.999891
0.999348
0.99682
0.998592
0.994236
0.999127
0.998021
0.979538
0.999841
0.999759
0.999414
1
1
1
1
1
1
1
1
1
0.903293
0.611208
0.670739
0.600223
0.453398
0.738562
0.320734
0.690688
0.433409
0.230775
0.943754
0.851916
0.917001
0.700393
0.83918
0.668471
0.80445
0.934017
0.879891
0.219987
0.999267
0.999865
0.99987
0.999978
0.99988
1
1
1
1
1
0.999996
0.999999
0.999977
0.999996
1
1
1
1
1
1
0.999995
0.999999
0.999994
0.999843
0.999964
0.99981
0.997154
0.999137
0.996612
0.970842
0.988445
0.96565
0.826309
0.910585
0.794689
0.371588
0.579463
0.220838
0.826673
0.580173
0.795183
0.970927
0.910843
0.965761
0.997165
0.988486
0.996626
0.999844
0.999141
0.999811
0.999995
0.999964
0.999994
1
0.999999
1
0.996836
0.999975
0.999426
0.902124
0.994837
0.978403
0.999994
0.999993
0.999995
0.999825
0.999977
0.999877
0.996858
0.999428
0.997711
0.968058
0.992086
0.976325
0.810989
0.938565
0.861384
0.316986
0.727528
0.534392
0.811459
0.727961
0.861699
0.968165
0.938737
0.976401
0.996871
0.992115
0.99772
0.999826
0.999431
0.999878
0.999995
0.999977
0.999996
1
1
1
0.999966
1
1
0.997364
0.99998
0.999841
0.999993
0.999935
0.999989
0.999932
0.999994
0.999971
0.998665
0.999853
0.999371
0.985749
0.997717
0.992939
0.91678
0.981382
0.958153
0.736269
0.919901
0.86959
0.557024
0.818726
0.779326
0.556938
0.763539
0.779278
0.736358
0.818674
0.869597
0.91693
0.919955
0.958208
0.985789
0.981418
0.992956
0.998671
0.997723
0.999373
0.999933
0.999853
0.999971
0.999998
0.999995
0.999999
1
1
1
1
1
1
1
1
1
0.985762
0.985533
0.99328
0.996848
0.998659
0.999669
0.999581
0.999884
0.99999
0.999976
0.999996
0.99999
0.999999
0.999997
0.999759
0.999984
0.999925
0.997096
0.9997
0.999004
0.982167
0.997229
0.993531
0.943692
0.987293
0.978879
0.903273
0.969972
0.962947
0.903251
0.960208
0.962939
0.943685
0.969961
0.978874
0.982183
0.987294
0.993535
0.997101
0.997232
0.999005
0.999759
0.999701
0.999925
0.99999
0.999984
0.999997
1
1
1
1
1
1
1
1
1
1
1
1
0.995829
0.989431
0.996595
0.999509
0.999037
0.99975
0.999964
0.999942
0.999988
0.999999
0.999998
1
0.999999
1
1
0.999981
0.999999
0.999996
0.999715
0.999982
0.999932
0.998002
0.999792
0.999475
0.993151
0.998904
0.998088
0.987668
0.997181
0.99645
0.987665
0.996165
0.996449
0.993149
0.99718
0.998087
0.998002
0.998903
0.999475
0.999715
0.999792
0.999932
0.999981
0.999982
0.999996
0.999999
0.999999
1
1
1
1
1
1
1
1
1
1
1
1
1
0.996809
0.989831
0.996874
0.999809
0.999195
0.999822
0.999993
0.999966
0.999994
1
0.999999
1
1
1
1
0.999999
1
1
0.999986
1
0.999998
0.999883
0.999992
0.999978
0.999542
0.99995
0.999906
0.999119
0.999855
0.999812
0.999118
0.999795
0.999812
0.999541
0.999855
0.999906
0.999883
0.99995
0.999978
0.999986
0.999992
0.999998
0.999999
1
1
1
1
1
1
1
1
1
1
1
1
1
1
1
1
1
0.996897
0.989904
0.996907
0.999825
0.999209
0.999827
0.999995
0.999967
0.999995
1
0.999999
1
1
1
1
1
1
1
1
1
1
0.999997
1
1
0.999984
0.999999
0.999998
0.999966
0.999996
0.999995
0.999966
0.999994
0.999995
0.999984
0.999996
0.999998
0.999997
0.999999
1
1
1
1
1
1
1
1
1
1
1
1
1
1
1
1
1
1
1
1
1
1
0.996912
0.989919
0.996914
0.999827
0.999211
0.999827
0.999995
0.999967
0.999995
1
0.999999
1
1
1
1
1
1
1
1
1
1
1
1
1
1
1
1
0.999999
1
1
0.999999
1
1
1
1
1
1
1
1
1
1
1
1
1
1
1
1
1
1
1
1
1
1
0.999999
0.999999
0.999997
0.999994
0.999998
0.999988
0.999983
0.996914
0.989921
0.996914
0.999827
0.999211
0.999827
0.999995
0.999967
0.999995
1
0.999999
1
1
1
1
1
1
1
1
1
1
1
1
1
1
1
1
1
1
1
1
1
1
1
1
1
1
1
1
1
1
1
1
1
1
1
1
1
1
1
0.999998
0.999994
0.999991
0.999969
0.999962
0.999913
0.999803
0.999901
0.999649
0.999501
0.996914
0.989922
0.996914
0.999827
0.999211
0.999827
0.999995
0.999967
0.999995
1
0.999999
1
1
1
1
1
1
1
1
1
1
1
1
1
1
1
1
1
1
1
1
1
1
1
1
1
1
1
1
1
1
1
1
1
1
1
1
0.999998
0.999989
0.99999
0.999954
0.999855
0.999823
0.99944
0.999143
0.998532
0.996831
0.997848
0.994422
0.992054
0.996915
0.989923
0.996915
0.999827
0.999211
0.999827
0.999995
0.999967
0.999995
1
0.999999
1
1
1
1
1
1
1
1
1
1
1
1
1
1
1
1
1
1
1
1
1
1
1
1
1
1
1
1
1
1
1
1
1
0.999999
0.999993
0.999996
0.999978
0.999839
0.999891
0.999543
0.998189
0.998376
0.995118
0.990051
0.9876
0.973497
0.974822
0.952808
0.931328
0.996917
0.989965
0.996927
0.999827
0.999214
0.999828
0.999995
0.999968
0.999995
1
0.999999
1
1
1
1
1
1
1
1
1
1
1
1
1
1
1
1
1
1
1
1
1
1
1
1
1
1
1
1
1
1
1
0.999999
1
0.999997
0.999945
0.99998
0.99989
0.998935
0.999488
0.997964
0.98904
0.993045
0.97955
0.940227
0.948137
0.886451
0.837881
0.786533
0.665565
0.996963
0.990395
0.997064
0.99983
0.999249
0.999835
0.999995
0.999969
0.999995
1
0.999999
1
1
1
1
1
1
1
1
1
1
1
1
1
1
1
1
1
1
1
1
1
1
1
1
1
1
1
1
1
1
1
0.999994
0.999999
0.999991
0.999817
0.999948
0.999732
0.996752
0.998815
0.995483
0.968157
0.985141
0.957605
0.820537
0.894482
0.76885
0.38688
0.548587
0.20531
0.997294
0.992439
0.997712
0.999849
0.999419
0.999873
0.999995
0.999976
0.999996
1
0.999999
1
1
1
1
1
1
1
1
1
1
1
1
1
1
1
1
1
1
1
1
1
1
1
1
1
1
1
1
1
1
1
0.999987
0.999997
0.999981
0.999626
0.999893
0.999485
0.994103
0.997875
0.992418
0.948174
0.97657
0.937151
0.740532
0.853519
0.704737
0.262479
0.496435
0.319676
0.998303
0.996401
0.998934
0.999908
0.999736
0.999944
0.999997
0.99999
0.999998
1
1
1
1
1
1
1
1
1
1
1
1
1
1
1
1
1
1
1
1
1
1
1
1
1
1
1
1
1
1
0.999999
1
0.999999
0.999974
0.999995
0.999971
0.999344
0.999846
0.999294
0.990778
0.997188
0.990268
0.925429
0.970587
0.921837
0.63982
0.815386
0.606805
0.153608
0.235172
0.999444
0.999155
0.99976
0.999972
0.999944
0.999989
0.999999
0.999998
1
1
1
1
1
1
1
1
1
1
1
1
1
1
1
1
1
1
1
1
1
1
1
1
1
1
1
1
1
1
1
0.999999
1
1
0.999975
0.999997
0.999984
0.99939
0.999911
0.999583
0.991608
0.998325
0.994188
0.933365
0.982545
0.954452
0.675904
0.89643
0.795956
0.664109
0.575844
0.999915
0.999905
0.999975
0.999996
0.999995
0.999999
1
1
1
1
1
1
1
1
1
1
1
1
1
1
1
1
1
1
1
1
1
1
1
1
1
1
1
1
1
1
1
1
1
1
1
1
0.999992
1
0.999997
0.999775
0.999981
0.999903
0.996744
0.999587
0.998511
0.974474
0.995434
0.988083
0.891823
0.973582
0.950865
0.791195
0.925593
0.910079
0.999994
0.999995
0.999999
1
1
1
1
1
1
1
1
1
1
1
1
1
1
1
1
1
1
1
1
1
1
1
1
1
1
1
1
1
1
1
1
1
1
1
1
1
1
1
0.999999
1
1
0.999966
0.999998
0.999991
0.999439
0.999955
0.999826
0.995324
0.999431
0.998451
0.980779
0.996497
0.993497
0.966794
0.990332
0.989227
1
1
1
1
1
1
1
1
1
1
1
1
1
1
1
1
1
1
1
1
1
1
1
1
1
1
1
1
1
1
1
1
1
1
1
1
1
1
1
1
1
1
1
1
1
0.999998
1
1
0.999955
0.999998
0.999991
0.999568
0.999966
0.999899
0.998135
0.999759
0.999546
0.997117
0.99934
0.999306
0.999123
0.999504
0.999729
0.999366
0.999756
0.999474
0.99663
0.998673
0.996941
1
1
1
1
1
1
1
1
1
1
1
1
1
1
1
1
1
1
1
1
1
1
1
1
1
1
1
1
1
1
1
1
1
1
1
1
1
1
1
1
1
1
1
1
1
1
1
1
0.999998
1
1
0.99998
0.999999
0.999997
0.999905
0.999992
0.999983
0.999854
0.999975
0.999973
0.999916
0.999976
0.999971
0.999634
0.999926
0.999787
0.997891
0.999452
0.99879
1
1
1
1
1
1
1
1
1
1
1
1
1
1
1
1
1
1
1
1
1
1
1
1
1
1
1
1
1
1
1
1
1
1
1
1
1
1
1
1
1
1
1
1
1
1
1
1
1
1
1
1
1
1
0.999997
1
1
0.999995
0.999999
0.999999
0.999989
0.999998
0.999994
0.999888
0.999977
0.999927
0.999351
0.999803
0.99955
1
1
1
1
1
1
1
1
1
1
1
1
1
1
1
1
1
1
1
1
1
1
1
1
1
1
1
1
1
1
1
1
1
1
1
1
1
1
1
1
1
1
1
1
1
1
1
1
1
1
1
1
1
1
1
1
1
1
1
1
0.999993
0.999998
0.99999
0.999915
0.999961
0.999868
0.999423
0.999614
0.999022
1
1
1
1
1
1
1
1
1
1
1
1
1
1
1
1
1
1
1
1
1
1
1
1
1
1
1
1
1
1
1
1
1
1
1
1
1
1
1
1
1
1
1
1
1
1
1
1
1
1
1
1
1
1
1
1
1
0.999999
1
0.999999
0.999987
0.999997
0.999987
0.999821
0.999947
0.999815
0.998552
0.999433
0.998467
0.999999
1
1
0.999978
0.999999
0.999992
0.999508
0.999958
0.999811
0.994339
0.999274
0.99762
0.964822
0.993293
0.983575
0.877344
0.964512
0.931623
0.964849
0.964512
0.983582
0.994348
0.993299
0.997623
0.999509
0.999275
0.999812
0.999978
0.999959
0.999992
0.999999
0.999999
1
1
1
1
0.996825
0.999975
0.999428
0.902211
0.994867
0.978569
0.999985
0.999994
0.999963
0.194393
0.170674
0.638321
0.475146
0.526589
0.482991
0.999671
0.999822
0.999265
0.928938
0.800628
0.861744
0.978992
0.918339
0.958371
0.852224
0.737812
0.731608
0.854273
0.730099
0.730066
0.855296
0.730421
0.730748
0.855664
0.730958
0.731071
0.855748
0.731125
0.731148
0.855761
0.731156
0.731159
0.855763
0.731161
0.731161
0.855784
0.731165
0.731183
0.856162
0.731265
0.731578
0.860016
0.732638
0.735838
0.882649
0.744675
0.767468
0.942258
0.820111
0.887846
0.985568
0.940193
0.972506
0.998085
0.989098
0.996278
0.999865
0.998908
0.999725
0.999327
0.99933
0.999505
0.996865
0.998979
0.997691
0.999995
0.999941
0.999989
1
0.999998
1
1
1
1
1
1
1
1
1
1
1
1
1
0.999998
1
1
0.999941
0.999997
0.999985
0.999148
0.999931
0.999735
0.993185
0.999126
0.997481
0.966503
0.993583
0.985704
0.993185
0.993576
0.99748
0.999149
0.999126
0.999735
0.999941
0.999931
0.999985
0.999998
0.999997
1
1
1
1
1
1
1
0.999966
1
1
0.997407
0.999981
0.999845
0.99993
0.99998
0.99989
0.749998
0.718484
0.913478
0.861333
0.882323
0.865177
0.998661
0.999486
0.997972
0.764238
0.89684
0.74825
0.929462
0.80105
0.898379
0.80458
0.803222
0.803475
0.803619
0.803654
0.80366
0.803661
0.803671
0.803868
0.806103
0.825783
0.816247
0.823393
0.761399
0.956619
0.875722
0.943067
0.994084
0.977271
0.992141
0.999553
0.997656
0.999398
0.999712
0.999847
0.999864
0.998656
0.9997
0.999347
0.999982
0.999867
0.999975
1
0.999996
0.999999
1
1
1
1
1
1
1
1
1
1
1
1
1
1
1
0.999997
1
0.999999
0.999928
0.999996
0.999983
0.999183
0.999933
0.999772
0.994723
0.999327
0.998327
0.999183
0.999326
0.999771
0.999928
0.999933
0.999983
0.999997
0.999996
0.999999
1
1
1
1
1
1
1
1
1
1
1
1
1
1
1
0.999853
0.999968
0.999828
0.951148
0.943454
0.987407
0.978718
0.98225
0.979335
0.997362
0.999214
0.996945
1
1
1
0.820516
1
1
1
1
0.808864
0.874349
0.739564
0.861045
0.738413
0.803983
0.729775
0.934693
0.852527
0.930552
0.990836
0.971797
0.990145
0.999293
0.997042
0.999238
0.999947
0.999985
0.999982
0.99973
0.999957
0.999904
0.999971
0.999832
0.999968
0.999999
0.999995
0.999999
1
1
1
1
1
1
1
1
1
1
1
1
1
1
1
1
1
1
0.999997
1
0.999999
0.999946
0.999997
0.999989
0.999547
0.999963
0.999895
0.999945
0.999963
0.999989
0.999997
0.999997
0.999999
1
1
1
1
1
1
1
1
1
1
1
1
1
1
1
1
1
1
0.999815
0.999965
0.99981
0.994383
0.993444
0.998945
0.99816
0.998457
0.998199
1
1
1
1
1
1
0.996719
0.999128
0.996623
1
1
1
1
1
1
1
1
1
0.804953
1
1
1
1
0.803662
0.854998
0.729986
0.852652
1
1
1
1
1
1
1
1
1
1
1
1
1
1
1
1
1
1
1
1
1
1
1
1
1
1
1
1
1
1
1
1
1
1
1
1
1
1
1
1
1
1
1
1
1
1
1
1
1
0.999997
1
1
1
1
0.999999
0.999985
0.999998
1
1
1
0.999997
0.999977
0.999996
1
1
1
0.726742
0.801916
0.725775
0.928851
0.848812
0.928264
0.989851
0.970732
0.98975
0.999216
0.996923
0.999209
0.999995
0.999999
0.999999
0.999971
0.999997
0.999992
0.999968
0.999826
0.999967
0.999999
0.999995
0.999999
1
1
1
1
1
1
1
1
1
1
1
1
1
1
1
1
1
1
1
1
1
0.999998
1
1
0.99998
0.999999
0.999997
0.999998
0.999999
1
1
1
1
1
1
1
1
1
1
1
1
1
1
1
1
1
1
1
1
1
1
1
1
1
1
1
1
1
1
0.999808
0.999965
0.999808
0.999633
0.999573
0.999951
0.999912
0.999925
0.999913
0.996592
0.999121
0.996593
0.999999
1
1
0.803282
0.999999
0.999999
1
1
0.803259
0.851906
0.729175
0.851855
0.725503
0.80175
0.725438
0.928095
0.848481
0.928055
0.989723
0.970637
0.989717
0.999207
0.996914
0.999207
1
1
1
0.999998
1
0.999999
0.999967
0.999826
0.999967
0.999999
0.999995
0.999999
1
1
1
1
1
1
1
1
1
1
1
1
1
1
1
1
1
1
1
1
1
1
1
1
1
1
1
1
1
1
1
1
1
1
1
1
1
1
1
1
1
1
1
1
1
1
1
1
1
1
1
1
1
1
1
1
1
1
1
1
0.999808
0.999962
0.999801
0.999987
0.999985
0.999999
0.999998
0.999998
0.999997
0.996615
0.999116
0.996642
0.999999
1
1
0.803515
0.999999
0.999999
1
1
0.804331
0.85236
0.731317
0.853935
0.725425
0.801743
0.725424
0.928048
0.848467
0.928047
0.989717
0.970634
0.989717
0.999207
0.996914
0.999207
1
1
1
0.999999
0.999999
0.999997
0.999967
0.999826
0.999967
0.999999
0.999995
0.999999
1
1
1
1
1
1
1
1
1
1
0.999999
1
1
1
1
1
1
1
1
1
1
1
1
1
1
1
1
1
1
1
1
1
1
1
1
1
1
1
1
1
1
1
1
1
1
1
1
1
1
1
1
1
1
1
1
1
1
1
1
1
0.999754
0.999884
0.999563
0.999998
0.999997
0.999991
0.999985
0.999987
0.999985
0.996542
0.998558
0.995767
0.999999
1
1
0.806579
0.999999
0.999999
1
1
0.812307
0.857917
0.745859
0.866234
0.942104
0.963581
0.931035
0.725423
0.801742
0.725422
0.928047
0.848466
0.928046
0.989717
0.970634
0.989716
0.999207
0.996914
0.999207
0.999999
0.999999
0.999997
0.99999
0.999991
0.999974
0.999967
0.999826
0.999967
0.999999
0.999995
0.999999
1
1
1
1
1
1
1
1
1
1
0.999999
1
1
1
1
1
1
1
1
1
1
1
1
0.999998
0.999997
0.999993
0.99998
1
0.999993
0.999998
1
1
1
1
1
1
1
1
1
1
1
1
1
1
1
1
1
1
1
1
1
1
1
1
1
1
1
1
1
1
0.994532
0.978369
0.983608
0.998205
0.989569
0.994475
0.999925
0.999913
0.999754
0.999567
0.999633
0.999573
0.957566
0.877237
0.905089
0.985544
0.939868
0.967975
0.7813
0.804599
0.911516
0.942644
0.708659
0.929951
0.784095
0.737773
0.725422
0.801745
0.725427
1
1
1
1
1
0.999999
0.928044
0.848468
0.928045
1
1
0.999999
0.999998
0.999997
0.999992
0.989716
0.970631
0.989714
0.999998
0.999999
0.999996
0.999978
0.999984
0.999949
0.999207
0.996913
0.999207
0.999995
0.999998
0.999993
0.999944
0.999972
0.999912
0.999967
0.999826
0.999967
0.999999
0.999995
0.999999
1
1
1
1
1
1
1
1
1
0.999878
0.999787
0.999947
0.999971
0.999984
0.999994
0.999998
0.999998
1
1
1
1
1
1
1
1
1
1
0.999999
0.999999
0.999997
0.999989
0.999986
0.999946
0.999895
0.999828
0.999547
0.999989
0.999827
0.999945
0.999999
0.999985
0.999997
1
0.999999
1
1
1
1
1
1
1
1
1
1
1
1
1
1
1
1
1
1
1
1
1
1
1
1
1
0.970491
0.989546
0.969969
0.998457
0.998199
0.996086
0.993266
0.994383
0.993443
0.8485
0.926573
0.846678
0.801994
0.724024
0.801132
0.725475
0.801886
0.725708
0.928068
0.848733
0.9282
0.989715
0.970694
0.989732
0.999207
0.996916
0.999207
0.999967
0.999826
0.999967
0.999999
0.999995
0.999999
1
1
1
1
1
1
1
1
1
0.99996
0.999818
0.999964
0.999998
0.999994
0.999999
1
1
1
1
1
1
1
1
1
0.999999
0.999999
0.999997
0.999983
0.999983
0.999928
0.999772
0.99974
0.999183
0.998327
0.99776
0.994723
0.999771
0.997756
0.999183
0.999983
0.99974
0.999928
0.999999
0.999983
0.999997
1
0.999999
1
1
1
1
1
1
1
1
1
1
1
1
1
1
1
1
1
1
1
1
1
1
0.970214
0.990124
0.971242
0.98225
0.979335
0.964717
0.941731
0.951149
0.943454
0.847203
0.929
0.850354
0.801449
0.727909
0.803154
0.726607
0.80388
0.729548
0.928722
0.852262
0.930337
0.989813
0.971664
0.99008
0.999211
0.997016
0.99923
0.999967
0.99983
0.999968
0.999999
0.999995
0.999999
1
1
1
1
1
1
1
1
1
0.999968
0.999863
0.999973
0.999999
0.999996
0.999999
1
1
1
1
1
1
1
1
0.999998
0.999985
0.999988
0.999941
0.999735
0.999757
0.999148
0.997481
0.997425
0.993185
0.985703
0.983969
0.966503
0.99748
0.983961
0.993185
0.999735
0.997426
0.999149
0.999985
0.999757
0.999941
1
0.999988
0.999998
1
1
1
1
1
1
1
1
1
1
1
1
1
1
1
1
1
1
1
1
1
0.97337
0.992303
0.977231
0.882322
0.865175
0.812765
0.711845
0.749995
0.718479
0.858126
0.942541
0.874958
0.80819
0.760871
0.823224
0.738165
0.823567
0.761626
0.934438
0.875782
0.94301
0.990753
0.977196
0.992091
0.999282
0.997632
0.999389
0.99997
0.999865
0.999974
0.999999
0.999996
0.999999
1
1
1
1
1
1
1
1
1
0.999981
0.999938
0.999988
1
0.999998
1
1
1
1
1
1
0.999999
0.999992
0.999996
0.999978
0.999811
0.999886
0.999508
0.99762
0.998195
0.99434
0.983575
0.984791
0.964822
0.931623
0.929596
0.877344
0.983582
0.929619
0.964849
0.997623
0.984808
0.994348
0.999812
0.998198
0.999509
0.999992
0.999886
0.999978
1
0.999996
0.999999
1
1
1
1
1
1
1
1
1
1
1
1
1
1
1
1
1
1
0.983056
0.996457
0.989445
0.526591
0.482987
0.37069
0.166865
0.194397
0.170673
0.90545
0.973088
0.941354
0.785052
0.889998
0.823473
0.815154
0.771803
0.749532
0.808516
0.740941
0.737855
0.807524
0.736845
0.73655
0.80775
0.736475
0.736459
0.807836
0.736456
0.736455
0.807837
0.736455
0.736455
0.807826
0.736455
0.736456
0.80776
0.736459
0.736475
0.808034
0.736551
0.736846
0.810249
0.737858
0.740949
0.829521
0.749556
0.771874
0.818316
0.823651
0.890283
0.957161
0.941642
0.973246
0.994148
0.989424
0.996401
0.999556
0.998948
0.999736
0.999982
0.999943
0.99999
1
0.999998
1
1
1
1
1
1
1
1
1
1
1
1
1
1
1
1
1
0.999945
0.999997
0.999995
0.999996
0.999981
0.999989
0.999981
0.999448
0.999913
0.999747
0.999911
0.999598
0.99988
0.999589
0.999577
0.999911
0.999468
0.999878
0.999586
0.999909
0.999441
0.999978
0.999996
0.999938
0.999988
0.999978
0.999996
0.999938
1
1
1
1
1
1
1
0.999978
0.999996
0.999994
0.999999
0.999978
0.999996
0.999994
0.999586
0.999911
0.999733
0.999944
0.999586
0.999911
0.999732
0.999597
0.999913
0.999473
0.999885
0.999597
0.999913
0.999472
0.999981
0.999997
0.999945
0.999989
0.999981
0.999997
0.999945
1
1
1
1
1
1
1
0.999998
0.999997
0.99999
0.999946
0.999996
0.999989
0.999981
0.993197
0.999008
0.999139
0.998998
0.997376
0.997376
0.997355
0.943796
0.983739
0.972913
0.983349
0.958337
0.97806
0.957311
0.955357
0.983101
0.94581
0.977674
0.95649
0.98267
0.942742
0.996726
0.998781
0.99192
0.996929
0.99673
0.998779
0.991901
0.999967
0.99999
0.999918
0.999973
0.999967
0.99999
0.999918
0.996729
0.998781
0.998883
0.999593
0.99673
0.998781
0.998883
0.956462
0.983101
0.970518
0.988601
0.956492
0.983087
0.970499
0.946604
0.979097
0.946586
0.958269
0.983711
0.958272
0.983707
0.997381
0.999007
0.993233
0.997392
0.997377
0.999008
0.993242
0.999989
0.999996
0.999944
0.999981
0.999989
0.999996
0.999944
0.999978
0.999914
0.999881
0.999444
0.999906
0.999871
0.999592
0.942848
0.983115
0.992305
0.982992
0.97763
0.9568
0.977393
0.559316
0.781997
0.762336
0.777339
0.823872
0.772962
0.778482
1
0.825732
1
0.825654
0.781956
0.824137
0.782451
0.943971
0.957997
0.946033
0.978775
0.983178
0.977755
0.983527
0.99988
0.999908
0.999422
0.999585
0.999873
0.99991
0.999455
0.999969
0.999838
0.999244
0.999827
0.999825
0.999253
0.92802
0.971124
0.989789
0.970848
0.97083
0.928382
0.970594
0.972158
0.995344
0.988244
0.802619
0.726191
0.802154
0.929959
0.9205
0.964264
0.756906
0.606995
0.669391
0.790565
0.878139
0.705595
0.69111
0.644668
0.736885
0.784707
0.87343
0.659655
0.690879
0.619129
0.690926
0.929243
0.949112
0.957575
0.9839
0.971454
0.971192
0.980273
0.999926
0.999831
0.999224
0.999526
0.999829
0.999899
0.999643
0.999969
0.999238
0.999824
0.999824
0.99924
0.927884
0.970724
0.989747
0.970493
0.970717
0.927879
0.970495
1
1
1
0.801988
0.725827
0.801968
0.999999
0.999997
1
0.810481
0.702338
0.720169
0.741346
0.920135
0.927245
0.95067
0.963388
0.972293
0.952809
0.962033
0.829787
0.729877
0.860695
0.93084
0.736544
0.929027
0.971069
0.971989
0.99025
0.971108
0.971093
0.989844
0.999969
0.999829
0.999222
0.999826
0.999829
0.999967
0.999837
0.999969
0.999894
0.99986
0.999232
0.999824
0.999824
0.999232
0.928058
0.970651
0.989716
0.970574
0.970634
0.927991
0.970625
1
1
1
0.792249
0.725088
0.792678
1
1
1
0.707291
0.730446
0.898443
0.870375
0.906163
0.960577
0.951205
0.936735
0.946334
0.809866
0.740452
0.860043
0.87031
0.730199
0.727866
0.423244
0.837748
0.752865
0.927959
0.97174
0.97078
0.989791
0.970812
0.970707
0.990203
0.999967
0.999827
0.999212
0.999837
0.999826
0.999969
0.999826
0.999836
0.999204
0.999826
0.99997
0.999831
0.999197
0.999838
0.928959
0.971016
0.990155
0.970781
0.97178
0.928376
0.971062
0.9939
0.993121
0.997352
0.802328
0.729334
0.803725
0.998136
0.999796
0.999299
0.923161
0.999469
0.974575
0.999085
0.999745
0.999981
0.999834
0.999259
0.999313
0.999781
0.714529
0.590422
1
0.752132
0.999909
0.756042
1
0.685115
0.689079
1
0.714573
0.596558
1
1
1
1
1
0.644574
1
0.780591
0.714529
0.59041
1
1
1
0.999406
0.731054
0.998419
0.734185
1
0.999981
0.999486
0.999143
0.999756
0.928957
0.957589
0.949167
0.980299
0.970761
0.971071
0.983913
0.999899
0.999826
0.999219
0.999644
0.999828
0.999926
0.999527
0.999541
0.999901
0.999989
0.999879
0.999937
0.999393
0.999907
0.981769
0.976863
0.941752
0.953611
0.995845
0.987564
0.981812
0.748301
0.803113
0.631592
0.793077
0.86097
0.764611
0.748612
1
1
1
1
1
1
1
1
1
1
1
1
1
1
1
1
0.823934
0.824362
0.825678
0.826368
0.782886
0.781627
0.946083
0.957192
0.958039
0.983542
0.977637
0.983126
0.978797
0.99991
0.999872
0.999573
0.999456
0.999907
0.99988
0.999586
0.999973
0.999995
1
0.999987
0.999999
0.999928
0.999995
0.9959
0.998518
0.999847
0.996431
0.999479
0.990469
0.998505
0.968203
0.929773
0.900769
0.9559
0.992817
0.98769
0.968747
0.931144
0.892612
0.913738
0.962339
0.973833
0.972099
0.952402
0.928757
0.962528
0.968651
0.988647
0.970973
0.970951
0.985757
0.928744
0.973064
0.973171
0.990716
0.970945
0.970945
0.990671
0.928747
0.972742
0.971794
0.990119
0.970945
0.970946
0.990534
0.929667
0.95834
0.949983
0.98063
0.971071
0.971387
0.984206
0.946808
0.957607
0.958517
0.98374
0.977897
0.983305
0.979098
0.993254
0.999002
0.997377
0.997377
0.999002
0.997383
0.997382
0.999996
0.999989
0.999981
0.999944
0.999996
0.999989
0.999981
0.406267
0.822173
0.697313
0.9141
0.858951
0.945683
0.961499
0.847946
0.97431
0.988607
0.983153
0.999998
1
1
1
1
1
1
1
1
1
1
1
0.999999
0.999999
1
0.996903
0.999135
0.994046
0.99839
0.954462
0.889956
0.979387
0.832186
0.999132
0.998733
0.999613
0.725924
0.801995
0.802025
0.999788
0.999981
0.999919
0.999962
1
1
1
1
0.725774
0.799897
0.801711
1
1
1
0.999999
1
1
1
0.999996
1
0.999999
0.999976
0.999959
0.999991
1
1
0.999971
0.999995
0.923808
0.976706
0.974623
0.995896
0.986659
0.999478
0.855454
0.542878
0.988663
0.979794
0.987349
0.983097
0.996419
0.986459
0.997625
0.75239
0.999886
0.714529
0.590661
1
1
1
0.714554
0.594617
1
1
0.714573
0.596817
1
1
1
0.714572
0.596704
1
0.759105
1
1
0.714529
0.590647
1
1
1
0.999473
0.714484
0.582129
0.752369
0.999997
0.999963
0.999993
0.997925
0.995135
0.948711
0.736758
0.80781
0.999859
0.999428
0.855526
0.5431
0.98907
0.999573
0.982339
0.974973
0.996332
0.778319
0.79465
0.671082
1
1
1
0.714554
0.59437
0.758573
1
1
0.804113
0.808488
0.809698
1
1
1
1
0.714572
0.596445
1
0.758573
1
0.758809
1
0.804556
0.795731
0.885457
0.999819
0.999879
0.99937
0.995395
0.999554
0.714484
0.581913
1
1
1
1
0.998106
0.9958
0.999444
0.765925
0.906689
0.81796
0.880184
0.748607
0.872394
0.869279
0.7539
0.980177
0.992318
0.99999
0.981806
0.993165
0.999993
0.99998
0.999999
0.99999
0.659958
0.780512
0.999786
0.666135
0.668698
0.614098
0.688728
0.748475
0.83194
0.745338
0.636023
1
0.788123
0.705468
0.819466
0.86093
0.75267
0.905013
0.748024
0.819361
0.796727
0.836218
0.747834
0.635855
0.874616
0.999978
0.991126
0.998823
0.756794
0.999533
0.998328
0.748204
0.665822
0.634928
0.763939
0.780332
0.999999
0.999841
0.999993
0.998174
0.999458
0.999998
1
0.974292
0.941336
0.987974
0.973499
0.995817
0.999996
0.99999
0.999976
0.999999
0.999992
0.983967
0.975943
0.999802
0.999348
0.811217
0.728488
0.850439
0.886279
0.727589
0.779574
0.903567
0.83264
0.850207
0.727295
0.925047
0.727348
0.916966
0.844543
1
1
0.999998
0.999994
0.973191
0.996307
0.993008
1
1
1
0.999999
1
1
1
1
1
1
1
1
1
1
0.999999
0.999999
0.852449
0.727274
0.850077
0.929073
0.727193
0.850211
0.930728
0.8528
0.849839
0.724718
0.93078
0.72677
0.931155
0.851426
0.999999
0.213367
0.404136
0.656057
0.798763
0.660544
1
1
1
1
1
1
0.999688
0.999971
0.999933
0.999861
0.999956
0.999991
1
1
1
1
1
0.844855
0.929607
0.848042
0.92774
0.978896
0.996624
0.991025
0.841425
0.916692
0.924231
0.831667
0.973725
0.995034
0.998143
0.990715
0.98764
0.779638
0.725759
0.849876
0.903541
0.726857
0.811036
0.886364
1
1
1
0.754104
0.852847
0.739038
0.869427
0.730075
0.872551
0.748792
1
1
1
0.750312
0.917157
0.928743
0.862479
0.861304
0.765377
0.803481
0.799826
0.756838
0.897603
0.760813
0.800301
0.797359
0.764423
1
1
1
0.70124
0.737677
0.853199
0.788026
0.730219
0.72617
0.827862
0.757219
0.726601
0.850657
0.894944
0.727504
0.80248
0.865143
1
1
1
0.845041
0.726333
0.849428
0.914366
0.726263
0.830311
0.925042
0.851851
0.726245
0.849412
0.932103
0.726248
0.854597
0.93007
1
1
1
0.855829
0.726244
0.849409
0.932808
0.726244
0.855555
0.933008
0.855834
0.726244
0.849409
0.932832
0.726244
0.855582
0.933011
1
1
1
0.852292
0.726245
0.849413
0.932209
0.726248
0.854715
0.930474
0.846476
0.726346
0.849431
0.91826
0.726266
0.8344
0.926386
1
1
1
0.781218
0.726656
0.85085
0.904878
0.727718
0.812832
0.887721
0.755679
0.739933
0.853828
0.870806
0.730947
0.750302
0.873973
0.228681
0.347803
0.999036
0.998216
0.999124
0.999849
0.999779
0.999997
0.999999
0.999999
1
1
1
1
1
1
0.999999
0.999962
0.999996
0.999991
0.99994
0.999803
0.984494
0.319501
1
1
1
1
0.998594
0.999863
0.999479
0.999963
0.99996
0.999841
0.910919
0.998848
0.999997
1
0.999999
0.999992
1
0.999999
0.999715
0.967646
0.918688
0.99902
0.999271
0.999763
0.999547
0.999949
0.999989
0.999894
0.999837
1
0.999983
0.999965
0.999904
0.999811
0.99815
0.999546
0.999998
0.89396
0.979465
0.951158
0.993573
0.992788
0.980854
1
0.999999
1
1
1
1
1
1
0.999993
0.994769
0.99406
0.984364
0.909417
0.982762
0.95948
1
1
0.999993
1
0.999999
0.999963
0.99996
0.999943
0.999999
0.999735
0.781471
0.65314
0.981424
0.994609
0.973156
0.993224
0.983524
0.78724
0.898071
0.940272
0.975906
0.955723
0.990641
0.998484
0.999843
0.999623
0.99997
0.999985
0.999919
0.997108
1
1
1
0.999998
1
1
0.990695
0.99717
0.837175
0.984462
0.965177
0.98667
0.236929
1
0.67566
0.999998
1
0.844805
1
0.924203
1
1
0.999341
1
0.997633
1
1
0.99176
1
0.971743
1
1
0.882068
0.773314
0.999907
0.998966
0.998169
0.995873
0.991417
0.99979
0.998974
0.995349
0.999501
0.999998
0.999995
1
0.999999
0.999992
0.999984
1
0.999858
1
0.999976
1
1
0.999996
1
0.999999
1
1
1
1
1
1
1
1
1
1
1
1
0.999999
1
1
1
1
1
1
1
1
1
1
1
1
1
1
1
1
1
1
1
1
1
1
1
1
1
1
1
1
1
1
1
1
1
1
1
1
1
1
1
0.999993
0.999998
1
1
0.999965
0.999988
0.999906
0.999982
0.99897
0.999774
0.999561
0.998984
0.998
0.990411
0.984021
0.99252
1
1
1
1
1
1
1
1
1
1
1
1
1
1
1
1
1
1
1
1
0.971968
0.596593
0.993882
0.998458
0.999058
0.99984
0.99962
0.999775
0.99997
0.999913
0.999985
0.999919
1
1
1
1
1
0.999999
1
1
1
1
0.999985
0.999998
0.999999
1
1
0.936082
0.974884
0.975004
0.935765
0.813784
0.750864
0.874004
0.904714
0.716269
0.716993
0.856817
0.85616
0.970173
0.993514
0.988476
0.98309
0.747125
0.802881
0.899758
0.87163
0.927696
0.870121
0.933155
0.962183
0.998882
0.999886
0.999593
0.999677
0.96604
0.986481
0.992661
0.981897
0.998656
0.995405
0.997472
0.999256
0.999918
0.999886
0.999973
0.999677
0.999648
0.999853
0.99992
0.999806
0.998656
0.999648
0.999806
0.999257
0.991918
0.993544
0.996935
0.98317
0.995407
0.986491
0.992667
0.997473
0.927947
0.966091
0.981932
0.962351
0.945762
0.977286
0.9788
0.942102
0.871214
0.807152
0.902246
0.933857
0.750758
0.762847
0.878912
0.871418
0.876621
0.813922
0.752542
0.873562
0.957169
0.943706
0.904345
0.933821
0.990955
0.971966
0.971614
0.973928
0.973575
0.929675
0.860363
0.716822
0.72125
0.855341
0.930858
0.935156
0.848896
0.849156
0.722868
0.725104
0.848411
0.929082
0.928469
0.848326
0.927914
0.989758
0.970728
0.970498
0.970747
0.970518
0.927885
0.848886
0.725525
0.725476
0.848414
0.928253
0.928294
0.848402
0.848785
0.725531
0.725538
0.848406
0.928242
0.92823
0.848399
0.9279
0.989742
0.970678
0.970531
0.970702
0.970506
0.927935
0.848735
0.725578
0.725552
0.848423
0.928145
0.928201
0.848457
0.843227
0.887883
0.860855
0.930919
1
1
0.744557
0.865635
0.936587
0.933106
0.931059
1
1
1
0.865486
0.86676
0.743832
0.865218
0.741198
1
1
1
0.848407
0.725609
0.725648
0.848571
0.928077
0.928037
0.848509
0.928118
0.989721
0.970734
0.970695
0.970648
0.970664
0.928189
0.848476
0.725797
0.725702
0.848637
0.92825
0.928068
0.848738
0.832064
0.81
0.925338
0.780982
1
0.649345
0.689973
0.794982
0.750035
0.79881
0.858226
1
1
1
1
0.658793
0.608432
0.749915
0.798748
0.702287
0.802946
0.999998
1
0.999998
0.45479
0.858931
0.763741
0.852207
0.726069
0.726969
0.849923
0.928832
0.930427
0.849024
0.930568
0.990818
0.976806
0.973583
0.973523
0.971833
0.934334
0.85857
0.736468
0.729633
0.852476
0.941612
0.934185
0.858794
0.831214
0.999884
0.795542
0.99999
0.999951
0.999887
0.99999
0.999953
1
1
1
0.780441
0.638368
0.818738
0.902434
0.972553
0.928449
1
1
1
1
1
1
1
1
1
1
1
1
0.762404
0.880271
0.765999
0.818152
0.905491
0.816768
0.906787
0.76326
0.881431
0.767277
0.818812
0.906072
0.817261
0.907507
0.88735
0.939847
0.940064
0.967883
0.886575
0.940326
0.940579
0.412131
0.63578
0.561955
0.278309
0.659064
0.566465
0.974052
0.89632
0.838027
0.797179
1
1
1
1
1
1
0.831639
0.936161
0.788044
0.895731
0.955764
0.982669
0.935868
0.954789
0.992581
0.988152
0.998007
0.936055
0.972542
0.941145
0.986484
0.994515
0.987752
0.998151
1
1
1
1
1
1
0.992395
0.997656
0.99982
0.999944
0.99855
0.998263
0.99529
0.999418
0.99986
0.999606
0.999845
0.999998
0.998378
0.99522
0.999441
0.99953
0.999884
0.999962
1
1
0.999962
0.999855
0.999859
0.999472
0.998089
0.994563
1
1
1
1
1
1
1
1
1
1
1
1
1
1
1
1
1
1
0.999999
0.999998
0.999995
0.999988
1
0.943799
0.939557
0.972407
1
0.999999
1
1
1
1
1
1
1
0.381688
0.284839
0.537005
0.429948
1
1
1
1
1
1
1
1
1
1
1
1
1
1
1
1
1
1
1
1
1
1
1
1
1
1
1
1
1
1
0.999999
1
0.999998
0.999999
0.99999
0.999999
0.999995
0.999997
0.999984
0.999998
0.999977
0.999996
0.999974
0.999996
0.999974
0.999997
0.999977
0.999997
0.999983
0.999999
0.999995
0.999999
0.99999
1
0.999998
1
0.999999
1
1
1
1
1
1
1
1
1
1
1
1
1
1
1
0.999999
1
0.999995
0.999999
0.999998
0.999998
0.99999
0.999999
0.999983
0.999997
0.999976
0.999996
0.999978
0.999998
0.999978
0.999997
0.999984
0.999999
0.999995
0.999999
0.99999
1
0.999998
1
0.999999
1
1
1
1
1
1
1
1
1
1
1
1
0.999999
0.999999
1
0.999995
0.999999
1
0.999999
0.999995
0.999994
0.999901
0.999975
0.999975
0.999869
0.999946
0.999973
0.999744
0.999763
0.999681
0.999915
0.999143
0.996408
0.999456
0.998964
0.99808
0.999364
0.999861
0.999861
0.999362
0.994376
0.992557
0.997816
0.998361
0.99146
0.991497
0.997497
0.997487
0.99973
0.999971
0.999943
0.999857
0.992436
0.994169
0.998307
0.997784
0.997869
0.99616
0.9989
0.999402
0.999994
1
0.999999
0.999999
0.999011
0.999618
0.9999
0.99973
0.999967
0.999877
0.999969
0.999992
1
1
1
0.999999
0.999993
0.999997
0.999999
0.999998
0.999967
0.999993
0.999998
0.999992
0.999938
0.999971
0.999988
0.999857
0.999877
0.999618
0.9999
0.999969
0.997879
0.999013
0.999731
0.999404
0.999467
0.999874
0.999884
0.999423
0.9962
0.994305
0.998345
0.998911
0.992269
0.992808
0.997891
0.997725
0.999746
0.999973
0.999946
0.999869
0.992901
0.998394
0.997916
0.994492
0.998973
0.998089
0.999458
0.996439
0.999995
1
0.999999
0.999999
0.999916
0.999149
0.999765
0.999685
0.999975
0.999975
0.999994
0.999903
1
1
1
1
1
0.999995
0.999999
0.999999
1
1
1
1
0.999761
0.999679
0.999915
0.99913
0.999948
0.999974
0.99987
0.999747
0.996322
0.999448
0.99804
0.998946
0.989304
0.972613
0.985165
0.994222
0.989116
0.972353
0.985078
0.994142
0.885341
0.939596
0.939402
0.967507
0.972888
0.994251
0.989402
0.985254
0.766326
0.81809
0.880853
0.906967
0.940189
0.887005
0.940296
0.96777
0.999141
0.999915
0.999683
0.999762
0.972756
0.994211
0.985211
0.989307
0.998066
0.998952
0.999449
0.996388
0.999998
1
0.999999
1
0.999972
0.999739
0.999866
0.999944
0.999995
0.999999
0.999999
0.99999
0.994216
0.99226
0.997741
0.998325
0.999338
0.999279
0.99014
0.990885
0.997324
0.997093
0.992753
0.998358
0.994402
0.997861
0.942356
0.940745
0.976628
0.977373
0.992008
0.997743
0.997638
0.99231
0.999977
0.999997
0.999983
0.999997
0.999868
0.999429
0.999398
0.999875
0.999975
0.999996
0.999996
0.999977
0.989825
0.989715
0.996956
0.996992
0.999837
0.999837
0.999242
0.999241
0.989672
0.989682
0.996946
0.996942
0.994737
0.998092
0.993393
0.998521
0.968856
0.964505
0.986931
0.988861
0.995865
0.999101
0.998878
0.99658
0.999987
0.999997
0.999981
0.999998
0.999948
0.999798
0.999739
0.999961
0.999991
0.999999
0.999999
0.999994
0.989669
0.989668
0.996938
0.99694
0.99983
0.999835
0.999235
0.999231
0.98968
0.989671
0.996936
0.996935
0.918061
0.892766
0.963357
0.969452
0.979191
0.976807
0.972491
0.969426
0.936518
0.93788
0.935935
0.854593
0.923009
0.997086
0.999211
0.99694
0.999254
0.972173
0.972261
0.990375
0.990358
0.997131
0.999266
0.999267
0.997128
0.999995
0.999999
0.999995
0.999999
0.99997
0.99984
0.99984
0.99997
0.999995
0.999999
0.999999
0.999995
0.989702
0.989729
0.996944
0.996939
0.999838
0.999843
0.99922
0.999204
0.989738
0.98974
0.996935
0.996916
0.903285
0.88796
0.898418
0.712734
0.821509
0.827767
0.89649
0.821484
0.86195
0.841227
0.907588
0.996933
0.999253
0.997079
0.99921
0.964453
0.968681
0.988831
0.986927
0.996577
0.998879
0.999101
0.995866
0.999995
0.999999
0.999995
0.999999
0.999961
0.99974
0.999798
0.999948
0.999994
0.999999
0.999999
0.999991
0.989761
0.989866
0.996943
0.996913
0.99923
0.999855
0.999844
0.999289
0.990831
0.990163
0.997038
0.997252
0.993403
0.998523
0.994744
0.998095
0.940824
0.94244
0.977409
0.976662
0.992323
0.997642
0.997747
0.99202
0.999981
0.999998
0.999987
0.999997
0.999876
0.999399
0.99943
0.999868
0.999977
0.999996
0.999996
0.999975
0.99205
0.99819
0.997638
0.993829
0.999703
0.999969
0.999943
0.999839
0.998804
0.997631
0.995852
0.999333
0.755624
0.79987
0.872541
0.897098
0.967975
0.992772
0.98759
0.981081
0.917546
0.861341
0.9285
0.957437
0.994407
0.997863
0.992761
0.998359
0.985248
0.972804
0.98932
0.994221
0.996392
0.999449
0.998953
0.998068
0.999983
0.999997
0.999977
0.999997
0.999944
0.999866
0.999739
0.999972
0.99999
0.999999
0.999999
0.999995
0.999879
0.99886
0.99969
0.999539
0.999992
1
0.999999
0.999998
0.999961
0.999963
0.999843
0.999991
0.957731
0.99048
0.978283
0.98126
0.998499
0.999859
0.999471
0.99962
0.996436
0.998082
0.992862
0.99899
0.879329
0.881596
0.947386
0.946341
0.98297
0.99651
0.987984
0.995223
0.979632
0.994032
0.979242
0.994126
0.951473
0.934711
0.972436
0.980485
0.985781
0.994879
0.981714
0.995954
0.989933
0.998197
0.993211
0.99734
0.972674
0.971525
0.989981
0.9905
0.996456
0.998867
0.995321
0.999155
0.996965
0.999351
0.997158
0.999304
0.973078
0.973173
0.990717
0.990678
0.997233
0.999367
0.997218
0.99937
0.997234
0.999367
0.997221
0.99937
0.965218
0.969565
0.989131
0.987207
0.997021
0.999354
0.997171
0.999319
0.99666
0.999043
0.995947
0.999216
0.941682
0.943317
0.977774
0.977021
0.993516
0.998707
0.994837
0.998385
0.992455
0.997978
0.992154
0.998056
0.985303
0.973021
0.989409
0.994243
0.994479
0.998184
0.992872
0.99856
0.99642
0.999503
0.998073
0.99912
0.999681
0.999761
0.999141
0.999914
0.999679
0.999798
0.999136
0.999921
0.999901
0.999994
0.999975
0.999978
0.999999
1
0.999998
1
0.999999
0.999999
0.999995
1
1
1
1
1
1
1
1
1
1
1
0.926674
0.923083
0.964394
0.903911
0.921555
0.827023
0.889393
0.825941
0.902715
0.921042
0.969208
0.981062
0.968744
0.985714
0.896134
0.97362
0.928863
0.982329
0.988269
0.992044
1
1
1
1
0.985651
0.888525
0.971851
0.648116
0.814987
0.56985
0.762884
0.773342
0.87605
1
1
1
1
1
1
0.999948
0.999983
0.999997
1
1
1
1
1
1
1
0.999568
0.999999
0.999999
0.999901
0.999994
0.854132
0.681237
0.86997
1
1
1
0.987404
0.998212
0.979691
0.972319
0.998285
0.994075
0.991177
1
1
1
1
1
1
1
1
1
0.999967
1
1
1
0.999934
1
0.999924
0.996037
0.996865
0.989449
0.995583
0.989437
0.962277
0.969545
0.989652
0.994662
0.98971
1
1
1
0.971655
0.995511
0.988288
0.998992
0.999207
0.996931
0.998773
0.996946
0.998968
0.999184
0.999822
0.99992
0.999817
0.999283
0.998847
0.99967
0.99739
0.999707
0.999345
1
1
1
1
1
1
0.993043
0.990382
0.993013
0.999036
0.999842
0.999987
0.999936
0.999999
0.999998
1
0.999774
0.99982
0.999967
0.999985
0.999965
0.999992
0.999994
0.999966
0.999986
0.999964
0.99794
0.999885
0.999774
0.999999
0.999999
0.999995
0.999998
0.999994
0.999999
0.999999
1
1
1
0.999979
0.999955
0.999979
0.999999
1
1
1
1
1
1
1
1
1
1
0.999997
1
1
1
1
1
1
1
1
1
1
1
1
1
1
1
1
1
1
1
1
1
1
1
1
1
1
1
1
1
1
1
1
1
1
1
1
1
1
0.996396
0.170286
0.219474
1
1
1
1
1
1
1
1
1
0.999998
0.999991
0.999996
0.999978
0.999845
0.999858
0.99984
0.999837
0.999836
0.999967
0.99997
0.987504
0.999947
0.988085
0.99609
1
1
1
1
1
1
1
1
1
1
1
1
1
1
1
1
1
1
1
1
1
1
1
0.998945
0.999999
0.999888
1
1
1
1
1
0.999997
0.999977
0.999867
0.997423
0.990075
0.969005
0.917716
0.804015
0.588802
0.224566
0.113327
0.998914
0.999267
0.998586
0.997079
1
1
1
0.998577
0.999976
0.99406
0.999996
0.999999
1
0.999999
0.999999
1
0.998977
0.999976
0.999874
0.811416
1
0.99415
0.999983
0.999867
0.99503
0.9999
0.999746
0.998094
0.993363
0.9999
1
0.93178
0.931602
1
0.857148
1
0.931545
0.931545
1
0.857145
1
0.931545
0.857145
1
0.931557
1
0.931602
0.93178
1
1
1
0.9858
0.993531
0.998152
0.999777
0.999872
0.999998
1
1
1
1
1
1
1
1
1
1
1
1
1
1
1
0.407911
1
0.20424
0.999919
1
1
0.448092
0.678723
1
1
1
1
1
1
1
)
;
    }
}


// ************************************************************************* //
