/*--------------------------------*- C++ -*----------------------------------*\
  =========                 |
  \\      /  F ield         | OpenFOAM: The Open Source CFD Toolbox
   \\    /   O peration     | Website:  https://openfoam.org
    \\  /    A nd           | Version:  13
     \\/     M anipulation  |
\*---------------------------------------------------------------------------*/
FoamFile
{
    format      ascii;
    class       faceSet;
    location    "constant/polyMesh/sets";
    object      layerFaces;
}
// * * * * * * * * * * * * * * * * * * * * * * * * * * * * * * * * * * * * * //


4130
(
24578 
16387 
24581 
16391 
24586 
16398 
24591 
16402 
24596 
16406 
24600 
16410 
24603 
24608 
16417 
24611 
16420 
24614 
16423 
24617 
16428 
24622 
16432 
24625 
24628 
16436 
24631 
16443 
24636 
24639 
16447 
24642 
16451 
24645 
24650 
16458 
24653 
16461 
24656 
16464 
24659 
16469 
24664 
16473 
24667 
16477 
24670 
24673 
16484 
24678 
16488 
24681 
24684 
16492 
24687 
16499 
24692 
16502 
24695 
16505 
24698 
24701 
16510 
24706 
16514 
24709 
16518 
24712 
24715 
16525 
24720 
16529 
24723 
16533 
24726 
24729 
16540 
24734 
16543 
24737 
16546 
24740 
24743 
16551 
16555 
24748 
24751 
16559 
24754 
24757 
16566 
24762 
16570 
24764 
24766 
16574 
24769 
24773 
16581 
24776 
16584 
16587 
24781 
16592 
24785 
24788 
16596 
16600 
24793 
24797 
16607 
24800 
16611 
24805 
16615 
24809 
24812 
16622 
24817 
16625 
16628 
24821 
24824 
16633 
24829 
16638 
24833 
16642 
24836 
24841 
16649 
24845 
16653 
24848 
16657 
24853 
16664 
24857 
24860 
16668 
16671 
24865 
16676 
24869 
24872 
16680 
16684 
24877 
24880 
16688 
24883 
16695 
24888 
16699 
24892 
16703 
24897 
16707 
24901 
24906 
16714 
24908 
16717 
24911 
16720 
24915 
16723 
24920 
16728 
24924 
16732 
16736 
24929 
16740 
24933 
24938 
16747 
24942 
16751 
24947 
16755 
24951 
16759 
24956 
16766 
24960 
16769 
16772 
24965 
16775 
24969 
16780 
24974 
16783 
24978 
16786 
16789 
24983 
16794 
24987 
16798 
24992 
16802 
24996 
16806 
25001 
25005 
16813 
16815 
16817 
25010 
16819 
25014 
16822 
25019 
16827 
25023 
16831 
25028 
16838 
25032 
16842 
25037 
16846 
25041 
16850 
25046 
16857 
25051 
16860 
16863 
16868 
25062 
16872 
25070 
16879 
16883 
25076 
25080 
16890 
25085 
16895 
25088 
25091 
16899 
25096 
16906 
25101 
25104 
16914 
25109 
16919 
25112 
25115 
16923 
25118 
16930 
25123 
25126 
25129 
16938 
25132 
16943 
25137 
16947 
25140 
25143 
25146 
16954 
25151 
25154 
16962 
25157 
16967 
25160 
16971 
25165 
25168 
16978 
25171 
25174 
16986 
25179 
25182 
16992 
25185 
25188 
16997 
25193 
17001 
25196 
25199 
17008 
25202 
17013 
25207 
25210 
17020 
25213 
25216 
17024 
17027 
25221 
25224 
17032 
25227 
17036 
25230 
17040 
25235 
17044 
25238 
25241 
17051 
25244 
17055 
25249 
25251 
17059 
25253 
25255 
17063 
25258 
25261 
17070 
25264 
17073 
25267 
17076 
17079 
25272 
25275 
17084 
25278 
17088 
25281 
17092 
25286 
17096 
25289 
25292 
25295 
17103 
17107 
25300 
25303 
17111 
25306 
17115 
25309 
25314 
17122 
25317 
17125 
25320 
17128 
25323 
17131 
25328 
17136 
25331 
17139 
25334 
17142 
25337 
17145 
25342 
17150 
25345 
17154 
25348 
17158 
25351 
17162 
25356 
25359 
17169 
25362 
17171 
25365 
17173 
17175 
25370 
17178 
25374 
17183 
25377 
17187 
25382 
25386 
17194 
25389 
17198 
25394 
17202 
25396 
25398 
17206 
25401 
25405 
17213 
25408 
17216 
17219 
25413 
17224 
25417 
25420 
17232 
25425 
17236 
25429 
25432 
17243 
25437 
25441 
25444 
17254 
25449 
25453 
25456 
17266 
25461 
17272 
25465 
25468 
17277 
25473 
17281 
25477 
25480 
17288 
25485 
17293 
25489 
25492 
17300 
17304 
25497 
17307 
25501 
25504 
17312 
17316 
25509 
17320 
25513 
25516 
17324 
25521 
17331 
25525 
17335 
25528 
17339 
25533 
17343 
25536 
25539 
17350 
25544 
17353 
25547 
17356 
25550 
17359 
25555 
17364 
25558 
17368 
25561 
17372 
25566 
17376 
25570 
17383 
25577 
17387 
17391 
17395 
25591 
17402 
17405 
25599 
17408 
17411 
25605 
17416 
25610 
17419 
17422 
25617 
17425 
25620 
17430 
25623 
17434 
25627 
25630 
17438 
17442 
25635 
25638 
25641 
17449 
17451 
25644 
17453 
17455 
25649 
17458 
25652 
25655 
17463 
25658 
17467 
25663 
25666 
17474 
25669 
17478 
25672 
17482 
25677 
17486 
25680 
25683 
17493 
25686 
17496 
25691 
17499 
25694 
17504 
25697 
25700 
17512 
25705 
25708 
17516 
25711 
25714 
17523 
25719 
17528 
25722 
25725 
17535 
25728 
25733 
25736 
25739 
17547 
25742 
17553 
25747 
25750 
17558 
25753 
17562 
25756 
25761 
17569 
25764 
17574 
25767 
25770 
17581 
25775 
25777 
17585 
25779 
17588 
25781 
25784 
17593 
25787 
17597 
25790 
25793 
17601 
17605 
25798 
25801 
25804 
17612 
25807 
17616 
25812 
17620 
25815 
17624 
25818 
25821 
17631 
25826 
17634 
25829 
17637 
25832 
17640 
25835 
17645 
25840 
17649 
25843 
17653 
25846 
25849 
17657 
25854 
17664 
25857 
25860 
17668 
25863 
17672 
25868 
17676 
25871 
25874 
17683 
25877 
17686 
17689 
25882 
17692 
25885 
25888 
17697 
25891 
17700 
17703 
25896 
25898 
17706 
25900 
25902 
17711 
25905 
17715 
25908 
25911 
17719 
25914 
17723 
25919 
25922 
17730 
17732 
25925 
17734 
25928 
17736 
17739 
25933 
25936 
17744 
25939 
17748 
25942 
25947 
17755 
25950 
17759 
25953 
17763 
25956 
17767 
25961 
25964 
17774 
25967 
17777 
25970 
17780 
25975 
17785 
25978 
25981 
25984 
17793 
25989 
17797 
25992 
25995 
17804 
25998 
26003 
26006 
26009 
26012 
26017 
26020 
17828 
26023 
26026 
26031 
17841 
26034 
26037 
17847 
26040 
17852 
26045 
26048 
17856 
26051 
17863 
26056 
26058 
17868 
26061 
26066 
17875 
17879 
26073 
17882 
26076 
17887 
17891 
17895 
26088 
17899 
26096 
17906 
26102 
17910 
17914 
26107 
17918 
26114 
26117 
17925 
26120 
17928 
17931 
26125 
17934 
26129 
17939 
17943 
26136 
26139 
17947 
26141 
17951 
26144 
26147 
26150 
17958 
26153 
17962 
26158 
17966 
26161 
17970 
26164 
26167 
17977 
26172 
17980 
26175 
17983 
26178 
17986 
26181 
17991 
26186 
17994 
26189 
17997 
26192 
18000 
26195 
18005 
26200 
18009 
26203 
18013 
26206 
26209 
18017 
26214 
18024 
26217 
18026 
26220 
18028 
18030 
26223 
18033 
26228 
18038 
26231 
26234 
18042 
26237 
18049 
26242 
18052 
26245 
18055 
26248 
18058 
26251 
18063 
26256 
18065 
26259 
18067 
26262 
18070 
26265 
26270 
18079 
26272 
26274 
18082 
26276 
26279 
18087 
18089 
26282 
18092 
26285 
26288 
18100 
26293 
18103 
26296 
26299 
18108 
26302 
18110 
18113 
26307 
26310 
26313 
18121 
26316 
18124 
26321 
18129 
18131 
26324 
18134 
26327 
26330 
18142 
26335 
18145 
26338 
26341 
18150 
26344 
18152 
18155 
26349 
26352 
26355 
18164 
26358 
18167 
26363 
18172 
26365 
18174 
26367 
26369 
18177 
26372 
18182 
26375 
26378 
18186 
26381 
18193 
26386 
26389 
18197 
26392 
18202 
26395 
18205 
18207 
26400 
18210 
26403 
26406 
18214 
26409 
18218 
26414 
18222 
26417 
26420 
18229 
26423 
18232 
18235 
26428 
18238 
26431 
26434 
18243 
26437 
18245 
18247 
18249 
26442 
18252 
26445 
26448 
18256 
26451 
18260 
26456 
18264 
26459 
26462 
18271 
26465 
18274 
18277 
26470 
18280 
26473 
26476 
18285 
26479 
18287 
18289 
18291 
26484 
18294 
26487 
18297 
26490 
18300 
26493 
18303 
26498 
26500 
18308 
26502 
18311 
26505 
18314 
18317 
26510 
26514 
18322 
18323 
18324 
18325 
18326 
26521 
26523 
26526 
18335 
26531 
18344 
26538 
26543 
18351 
18354 
26549 
18359 
26553 
18365 
26558 
26561 
26564 
18372 
18376 
26569 
18379 
26573 
18384 
26580 
18388 
26583 
18392 
26585 
26588 
18396 
26592 
26596 
18407 
26600 
18410 
18413 
26607 
18416 
26609 
26611 
26613 
18421 
26616 
26619 
18427 
26622 
18432 
26625 
26630 
26633 
18441 
26636 
18444 
26639 
18447 
26644 
18454 
26647 
18457 
26650 
26653 
18462 
26658 
26661 
26664 
18473 
26667 
18476 
26672 
18481 
26675 
26678 
26681 
26686 
18496 
26689 
26692 
26695 
18505 
26700 
26703 
26706 
18516 
26709 
26714 
18522 
26716 
26718 
26720 
26723 
18531 
26726 
26729 
18537 
26732 
26737 
18546 
26740 
26743 
18552 
26746 
26751 
18561 
26754 
26757 
18567 
26760 
26765 
26768 
18576 
26771 
18581 
26774 
26779 
26781 
18590 
26783 
26785 
26788 
26791 
18600 
26794 
26797 
18605 
26802 
18610 
26805 
26808 
26811 
18619 
26816 
18626 
26819 
26822 
18631 
26825 
26830 
18640 
26833 
26836 
18645 
26839 
18650 
26844 
26847 
18655 
26850 
26853 
18664 
26858 
26861 
18669 
26864 
18674 
26867 
18679 
26872 
26875 
26878 
18688 
26881 
18693 
26886 
26888 
26890 
18698 
26892 
26895 
18703 
26899 
26903 
18712 
26907 
18716 
18720 
26914 
26916 
18724 
26918 
26921 
26924 
26926 
18735 
26929 
26932 
26935 
18745 
26938 
26943 
18751 
26945 
26947 
18756 
26949 
26952 
26956 
18765 
26960 
18770 
26964 
18775 
26971 
18780 
26973 
26975 
26977 
26980 
18789 
26983 
26986 
18794 
26989 
18799 
26994 
18804 
26997 
27000 
27003 
18813 
27008 
18818 
27011 
27014 
18823 
27017 
18828 
27022 
27025 
27028 
18837 
27031 
18842 
27036 
27039 
18847 
27042 
18852 
27045 
27050 
27052 
18861 
27054 
27056 
18865 
27059 
18869 
27062 
27065 
18873 
27068 
18880 
27073 
27076 
27079 
27082 
18890 
27087 
18896 
27089 
27091 
27093 
27096 
18905 
27099 
27102 
18911 
27105 
27110 
18920 
27113 
27116 
18926 
27119 
27124 
27127 
18935 
27130 
27133 
18941 
27138 
27141 
18950 
27144 
27147 
18957 
27152 
27155 
27158 
18966 
27161 
18970 
27166 
18974 
27168 
27170 
18978 
27172 
27175 
27177 
27179 
27181 
18989 
27184 
27187 
27190 
18998 
27193 
27198 
27200 
27202 
27204 
27207 
27210 
19020 
27213 
27216 
19026 
27221 
27224 
27227 
19035 
27230 
19040 
27235 
19045 
27238 
27241 
19050 
27244 
27249 
27251 
19059 
27253 
27255 
19065 
27258 
27260 
27262 
27264 
27267 
27269 
27271 
27273 
27276 
27278 
27280 
19089 
27282 
27285 
27286 
27287 
27288 
27289 
19099 
19102 
27295 
27301 
19112 
27306 
19117 
27315 
19125 
19126 
27319 
27323 
27327 
19136 
19141 
27334 
27338 
19149 
27342 
19152 
27346 
19159 
27353 
19163 
27358 
19167 
27363 
19174 
19175 
27368 
19177 
19180 
27377 
19186 
27382 
19193 
19194 
27387 
19195 
19198 
27392 
19201 
19206 
27401 
19210 
27405 
27409 
19217 
19218 
19219 
19220 
19223 
27416 
19226 
27420 
19231 
19235 
27432 
19242 
19243 
19244 
19245 
19248 
27441 
19251 
27446 
19256 
19260 
27453 
27458 
19267 
19268 
19269 
27462 
19270 
19273 
19276 
27469 
27471 
19281 
19285 
19292 
19293 
19294 
19295 
19296 
19297 
19298 
19302 
27498 
19306 
19310 
27504 
27509 
19317 
19320 
19323 
27516 
19326 
27520 
27523 
19333 
27528 
27531 
19340 
27534 
19342 
27537 
19345 
27542 
19350 
27545 
27548 
19357 
19358 
27551 
19361 
19363 
27556 
19366 
27560 
19370 
27564 
19374 
27568 
19378 
27575 
19385 
19386 
27579 
19387 
19388 
19390 
27583 
19392 
19394 
27587 
19397 
19401 
27594 
19405 
27598 
19409 
27602 
27606 
19416 
19417 
19418 
19419 
19420 
27613 
19422 
27616 
19424 
19426 
27619 
19429 
27622 
19433 
27627 
19437 
27631 
19441 
27635 
27639 
19448 
19449 
19450 
19451 
19452 
27646 
19454 
19456 
27649 
19458 
27652 
19461 
27655 
19465 
27660 
19469 
27663 
19473 
27666 
27671 
19480 
19481 
27674 
19482 
19483 
19484 
19486 
27679 
19488 
19490 
19493 
27687 
19497 
27693 
19501 
19505 
27702 
19512 
19513 
19514 
19515 
27708 
19516 
19517 
19518 
19519 
27712 
19520 
19523 
27717 
19526 
19529 
27722 
27726 
19534 
27733 
19541 
19543 
27737 
19546 
27741 
19551 
27745 
19558 
19559 
27752 
19561 
27755 
19563 
19565 
27758 
19568 
27763 
19572 
27766 
19576 
27771 
19583 
19584 
19585 
19586 
19588 
19590 
19592 
27787 
19595 
19599 
27792 
19603 
27798 
19610 
19611 
19612 
19613 
27806 
19615 
19617 
19619 
19622 
19626 
19630 
27828 
19637 
19638 
19639 
19640 
19642 
27835 
19644 
19646 
19649 
19653 
19657 
27852 
19664 
19665 
19666 
19667 
19669 
19671 
19673 
19676 
19681 
19685 
27880 
19692 
27885 
19693 
19694 
19695 
19696 
19697 
19698 
27892 
19703 
27896 
19705 
19708 
27901 
27905 
19715 
27908 
19716 
19718 
27913 
19721 
27916 
19725 
27919 
27922 
19732 
19733 
27927 
19735 
27930 
19738 
27933 
27936 
19746 
19747 
19748 
27941 
19750 
27944 
19753 
27947 
27950 
19760 
19761 
27955 
19763 
27958 
19766 
27961 
27964 
19774 
19775 
27969 
19777 
19779 
27972 
19782 
27975 
27978 
19787 
27983 
19791 
27986 
27989 
19798 
19799 
27992 
19800 
27997 
19805 
28000 
19809 
28003 
28006 
19816 
19817 
19818 
28011 
19819 
19820 
28014 
28017 
28020 
19828 
19829 
28025 
19834 
28028 
19837 
28031 
19842 
28036 
19846 
28040 
19849 
28045 
28049 
19857 
19859 
19861 
28054 
19864 
28057 
19866 
19868 
28062 
19871 
28066 
19876 
28070 
19880 
28075 
28079 
19887 
28082 
19890 
19893 
28087 
19896 
28090 
28093 
19901 
28096 
28101 
28104 
28107 
28112 
28115 
28120 
28126 
28132 
28138 
28144 
28151 
28154 
19965 
28159 
28162 
19972 
28167 
28173 
28179 
28182 
28188 
19998 
28194 
20005 
28200 
28206 
28212 
28218 
20030 
28227 
20035 
28232 
28241 
20050 
28244 
28249 
28255 
28261 
20072 
28267 
28273 
20081 
20086 
28279 
20091 
28289 
20097 
20103 
28297 
28300 
20109 
28305 
20115 
28309 
28314 
28318 
20126 
28321 
20132 
28326 
28329 
20138 
28332 
28335 
20144 
28340 
20150 
28343 
28346 
20156 
28349 
28354 
20162 
28357 
20165 
28360 
28363 
20171 
28368 
20177 
28371 
28374 
20183 
28377 
20189 
28382 
28385 
20195 
28388 
28391 
20201 
28396 
20204 
28399 
28402 
20210 
28405 
20216 
28410 
28413 
20222 
28416 
28419 
20228 
28424 
20234 
28427 
28430 
20240 
28433 
28438 
20246 
28442 
20252 
28445 
28450 
20258 
28454 
20264 
28457 
28462 
28465 
20274 
28468 
20280 
28473 
20283 
28476 
28479 
20288 
28483 
20292 
28486 
20297 
28491 
20301 
28494 
28497 
20306 
28500 
20310 
28505 
20315 
28508 
28511 
20319 
28516 
20324 
28520 
20329 
28525 
20336 
28529 
20340 
28534 
20345 
28538 
20349 
28543 
20354 
28547 
20358 
28552 
20363 
28556 
20367 
28561 
20372 
28565 
20374 
20377 
28570 
20381 
28574 
20386 
28579 
20390 
28583 
20395 
28588 
20399 
28592 
20404 
28597 
28599 
20408 
28602 
20413 
28606 
20415 
20418 
28611 
20422 
28615 
20427 
28620 
20431 
28624 
20436 
28629 
20440 
28633 
20445 
28638 
20449 
28642 
20454 
28647 
20458 
28651 
20463 
28656 
28660 
20468 
28665 
20475 
28669 
20477 
20480 
28674 
20484 
28678 
20489 
28683 
20493 
28687 
20498 
28692 
20502 
28696 
20507 
28701 
20510 
28705 
20515 
28710 
28713 
28718 
20527 
20533 
28728 
20537 
20542 
28735 
20545 
28739 
20548 
28742 
20553 
28747 
20557 
28751 
20560 
28756 
20565 
28760 
20569 
28763 
20572 
28768 
20577 
28771 
20580 
28774 
20582 
28777 
20585 
28782 
20591 
28785 
28788 
20596 
28791 
28796 
20605 
28799 
20609 
28802 
20612 
28805 
20617 
28810 
28813 
20621 
28816 
20624 
28819 
20629 
28824 
20633 
28827 
20636 
28830 
28833 
20641 
20645 
28838 
20648 
28841 
28844 
20653 
28847 
20655 
20657 
28852 
20660 
28855 
20664 
28858 
20667 
28861 
20672 
28866 
20676 
28869 
20679 
28872 
28875 
20684 
20686 
28880 
20688 
28883 
20691 
28886 
20695 
28889 
20698 
28894 
20703 
28897 
20707 
28900 
20710 
28903 
20715 
28908 
28911 
20719 
28913 
20722 
28916 
28919 
20727 
28922 
20731 
28925 
20734 
28930 
20739 
28934 
20743 
28937 
20746 
28942 
20751 
28946 
20755 
28949 
20758 
28954 
20763 
28958 
20767 
28961 
20770 
28966 
20775 
28970 
20778 
28973 
20781 
28978 
20786 
20789 
28982 
28985 
20794 
28990 
28994 
20802 
28997 
20808 
29002 
20812 
29006 
20816 
29009 
20821 
29014 
20825 
29018 
20828 
29021 
20833 
29026 
20836 
29030 
20839 
29033 
20842 
29038 
20847 
29040 
29042 
20850 
29045 
20853 
20856 
29049 
29052 
20861 
20863 
29057 
20865 
20867 
29061 
20870 
29064 
20874 
29069 
20878 
29073 
20882 
29076 
29081 
20889 
20892 
29085 
20895 
29088 
20898 
29093 
20903 
29097 
20906 
29100 
20909 
20912 
29105 
29109 
20917 
29112 
20920 
20923 
29117 
20926 
29121 
20931 
29124 
20933 
20935 
29129 
20937 
20940 
29133 
20942 
29136 
20944 
20946 
29141 
20949 
20951 
29145 
20953 
20955 
29148 
20958 
20960 
29153 
20962 
20964 
29157 
20967 
29160 
20969 
20971 
29165 
20973 
29168 
20976 
20978 
29171 
20980 
20982 
29176 
20985 
29179 
20988 
20991 
29184 
20994 
20999 
21001 
21003 
21005 
21008 
21010 
29203 
21012 
21015 
21016 
21017 
29211 
21022 
29215 
29219 
21027 
29224 
21032 
29228 
29231 
21041 
21043 
29236 
21045 
29239 
21047 
29242 
21050 
29245 
21053 
21056 
29250 
29253 
21061 
29256 
21064 
29259 
21069 
29264 
29267 
29270 
29273 
29278 
29281 
29284 
21092 
29287 
29292 
21100 
29295 
21105 
29298 
29301 
21110 
29306 
21115 
29309 
29312 
29315 
21124 
29320 
21129 
29323 
29326 
21134 
29329 
21139 
29334 
29337 
29340 
21148 
29343 
21152 
29348 
21156 
29351 
21160 
29354 
29357 
21167 
29362 
21171 
29364 
29366 
21175 
29368 
29371 
21179 
29374 
29377 
21186 
29380 
21192 
29385 
29388 
29391 
29394 
29399 
29402 
21211 
29405 
29408 
21219 
29413 
29416 
21224 
29419 
29422 
21231 
29427 
21236 
29430 
21240 
29433 
29436 
21247 
29441 
21251 
29444 
29447 
21255 
29450 
21259 
29455 
29458 
21266 
29461 
21270 
29464 
21274 
29469 
21278 
29472 
29475 
21285 
29478 
21289 
29483 
29485 
21293 
29487 
29489 
21297 
29492 
29495 
21304 
29498 
21308 
29501 
21312 
29506 
21316 
29509 
29512 
29515 
21323 
21327 
29520 
29523 
21331 
29526 
21335 
29529 
29534 
21342 
29537 
21346 
29540 
21350 
29543 
21354 
29548 
29551 
21361 
29554 
29557 
21365 
21369 
29562 
29565 
21373 
29568 
29571 
21380 
29576 
21384 
29579 
21388 
29582 
21392 
29585 
29590 
21399 
29593 
21403 
29596 
29599 
21407 
21411 
29604 
29607 
29610 
21418 
29613 
21422 
29618 
21426 
29621 
21430 
29624 
29629 
21437 
29632 
21441 
29637 
21445 
29640 
21449 
21456 
29649 
21460 
29654 
21464 
21468 
21475 
29670 
21479 
21483 
21487 
29681 
21494 
29689 
21497 
21500 
29693 
21503 
29698 
21508 
21511 
29705 
21514 
29708 
21517 
29711 
21522 
29715 
21525 
29718 
21528 
29723 
21531 
29726 
21536 
29729 
21539 
29732 
21542 
29737 
21545 
29740 
21550 
29743 
21553 
29746 
21556 
29751 
21561 
29754 
21564 
29757 
29760 
21569 
29765 
21575 
29768 
29771 
21581 
29774 
29779 
29782 
21591 
29785 
29788 
21596 
29793 
21602 
29796 
29799 
21609 
29802 
21614 
29807 
29810 
29813 
21621 
29816 
21626 
29821 
21630 
29824 
29827 
21637 
29830 
21641 
29835 
29837 
21645 
29839 
29841 
21649 
29844 
29847 
21656 
29850 
21659 
29853 
21662 
21665 
29858 
29861 
21670 
29864 
21674 
29867 
21678 
29872 
21682 
29875 
29878 
29881 
21689 
21692 
29886 
21695 
29889 
21698 
29892 
29895 
21703 
21706 
29900 
21709 
29903 
21712 
29906 
29909 
21717 
21720 
29914 
21723 
29917 
21726 
29920 
29923 
21731 
21735 
29928 
29930 
21739 
29932 
29934 
21743 
29937 
29940 
21750 
29943 
29946 
21754 
21758 
29951 
29954 
21762 
29957 
29960 
21769 
29965 
21773 
29968 
21777 
29971 
29974 
21784 
29979 
21787 
29982 
21792 
29985 
29988 
29993 
29996 
21806 
29999 
30002 
21811 
30007 
30010 
21818 
30013 
21822 
30016 
21827 
30021 
21831 
30024 
21834 
30027 
30030 
21839 
21842 
30035 
21845 
30038 
21848 
30041 
30044 
21853 
21856 
30049 
21859 
30052 
21862 
30055 
21867 
30060 
30062 
21870 
30065 
21873 
21876 
30071 
21881 
21884 
30078 
21887 
30080 
21890 
30083 
21895 
30088 
21898 
21901 
30095 
21904 
30098 
21909 
30102 
21912 
30105 
21915 
30110 
21918 
30114 
21923 
21926 
30119 
21929 
21932 
30126 
30129 
21937 
30132 
21940 
21943 
30137 
21946 
30141 
21951 
21954 
30148 
21957 
30151 
21960 
30153 
30156 
21965 
30159 
21968 
30162 
21971 
30165 
21974 
30170 
21979 
30173 
21982 
30176 
21985 
30179 
21988 
30184 
21993 
30187 
21996 
30190 
21999 
30193 
22002 
30198 
22007 
30201 
22009 
22011 
30204 
22013 
30207 
22016 
22019 
30212 
22022 
30215 
22025 
30218 
30221 
22030 
22033 
30226 
22036 
30229 
22039 
30232 
30235 
22044 
22047 
30240 
22050 
30243 
30246 
22055 
30249 
22059 
30254 
30256 
22064 
30258 
30260 
22068 
30263 
22073 
30266 
22076 
30269 
30272 
22081 
30277 
22085 
30280 
22088 
30283 
22093 
30286 
22097 
30291 
30294 
22102 
30297 
22107 
30300 
22112 
30305 
30308 
22116 
30311 
22119 
30314 
22124 
30319 
22127 
30321 
22130 
30323 
30325 
22133 
30328 
22138 
30331 
22141 
30334 
22144 
30337 
22147 
30342 
22152 
30345 
22155 
30348 
22158 
30351 
22161 
30356 
22166 
30359 
22169 
30362 
22172 
30365 
22175 
30370 
22180 
30373 
22183 
30376 
22186 
30379 
22189 
30384 
22194 
30387 
22197 
30390 
22200 
30393 
22203 
30398 
22208 
30401 
22211 
30404 
22214 
30407 
22217 
30412 
22222 
30415 
22225 
30418 
22228 
30421 
22231 
30426 
30428 
22236 
30430 
22239 
30433 
22242 
30438 
22247 
30442 
22250 
22255 
30449 
30451 
30453 
22261 
30456 
30459 
30462 
30466 
22274 
30469 
22280 
30474 
22283 
30477 
30479 
22288 
30482 
22293 
30486 
30490 
22298 
30494 
22302 
22305 
30501 
22310 
30503 
30505 
22313 
30507 
22316 
30510 
22319 
30513 
30516 
22324 
30519 
22327 
22330 
30524 
22333 
30527 
30530 
22338 
30533 
22341 
22344 
30538 
22347 
30541 
30544 
22352 
30547 
22355 
22358 
30552 
22361 
30555 
30558 
22366 
30561 
22369 
22372 
30566 
22375 
30569 
30572 
22380 
30575 
22383 
22386 
30580 
22389 
30582 
30584 
30586 
22394 
30589 
22397 
30592 
22400 
30595 
22403 
30598 
22408 
30603 
22411 
30606 
22414 
30609 
22417 
30612 
22422 
30617 
22425 
30619 
22428 
30621 
30623 
22431 
30626 
22436 
30629 
22439 
30632 
22442 
30635 
22445 
30640 
22450 
30643 
22453 
30646 
22456 
30649 
22459 
30654 
22464 
30657 
22466 
30660 
22468 
22470 
30663 
22473 
30668 
22476 
30671 
22479 
30674 
22482 
30677 
22487 
30682 
22491 
30685 
22494 
30688 
30691 
22499 
22503 
30696 
30698 
22506 
30700 
30702 
22511 
30705 
22514 
30707 
30709 
22517 
30711 
30714 
22522 
30717 
22525 
30720 
22528 
30723 
22531 
22534 
30728 
30730 
22539 
30732 
30734 
22543 
30737 
22546 
30740 
30743 
22551 
30746 
22556 
30751 
22559 
30754 
22564 
30757 
22567 
30760 
22570 
30765 
22573 
30768 
22578 
30771 
22581 
30774 
22584 
30779 
22587 
30781 
30783 
22592 
30785 
22595 
30788 
30790 
22598 
30792 
22601 
30794 
30797 
22606 
30799 
30801 
22609 
30803 
22612 
30806 
22615 
30808 
30810 
30812 
22620 
30815 
22623 
30816 
30817 
30818 
22626 
30819 
30820 
30821 
22629 
30822 
30823 
30824 
30825 
30826 
22634 
30827 
30828 
30829 
22637 
30830 
30831 
30832 
22640 
30833 
30834 
30835 
22643 
30836 
30837 
30838 
30839 
30840 
22648 
30841 
30842 
30843 
22651 
30844 
30845 
30846 
22654 
30847 
30848 
30849 
22657 
30850 
30851 
30852 
30853 
30854 
22662 
30855 
30856 
30857 
22665 
30858 
30859 
30860 
22668 
30861 
30862 
30863 
22671 
30864 
30865 
30866 
30867 
30868 
22676 
30869 
30870 
30871 
22679 
30872 
30873 
30874 
22682 
30875 
30876 
30877 
30878 
30879 
22687 
30880 
30881 
30882 
30883 
22691 
30884 
30885 
30886 
30887 
22696 
30890 
30891 
22699 
30892 
30893 
30894 
30895 
30896 
22704 
30897 
30898 
30899 
30900 
30901 
30902 
30903 
30904 
30905 
30906 
30907 
30908 
22716 
30909 
30910 
30911 
30912 
30913 
30914 
22724 
30917 
22728 
22732 
30928 
30929 
22737 
30930 
30931 
30932 
22740 
30933 
30934 
30935 
22743 
30936 
30937 
30938 
30939 
30940 
22748 
30941 
30942 
30943 
30944 
30945 
22753 
30946 
30947 
22756 
22761 
30954 
30955 
30956 
22764 
30957 
30958 
30959 
22767 
30960 
30961 
30962 
22770 
30963 
30964 
30965 
30966 
30967 
22775 
30968 
30969 
30970 
22778 
30971 
30972 
30973 
22781 
30974 
30975 
30976 
22784 
30977 
30978 
30979 
30980 
30981 
22789 
30982 
30983 
30984 
22792 
30985 
30986 
30987 
22795 
30988 
30989 
30990 
22798 
30991 
30992 
22803 
22806 
30999 
22809 
22812 
31007 
31009 
22817 
31012 
22820 
22823 
31017 
22826 
22831 
31024 
22834 
31028 
22837 
22840 
31035 
31037 
22845 
31039 
22848 
31042 
22851 
31045 
22854 
22859 
22862 
31055 
22865 
31060 
22868 
22873 
22876 
31069 
22879 
31072 
22882 
22887 
31082 
22890 
22893 
31087 
22896 
22901 
22903 
31097 
22905 
22907 
31102 
22910 
22913 
22916 
31111 
22919 
31116 
22924 
22927 
22930 
31125 
22933 
31128 
22938 
22941 
22943 
31136 
22946 
22949 
22952 
31147 
22955 
31149 
31152 
22960 
31155 
22963 
22966 
31160 
22969 
31162 
31165 
22974 
31168 
22977 
22980 
31173 
31175 
22983 
31178 
22988 
31181 
22991 
31184 
31186 
22994 
31189 
22997 
31192 
23002 
31197 
23005 
31199 
23008 
31202 
23011 
31205 
23016 
31211 
23019 
31214 
23022 
31217 
23025 
31220 
23030 
31223 
23033 
31226 
23036 
31229 
23039 
31234 
23044 
31237 
23047 
31240 
31242 
23050 
31244 
23053 
31247 
31250 
23058 
31253 
23061 
23064 
31258 
23067 
31262 
31264 
23072 
31267 
23075 
31270 
23078 
23081 
31275 
23086 
31282 
23090 
31285 
23093 
31288 
23098 
31291 
23101 
31296 
23104 
23109 
31302 
31304 
23112 
31306 
31309 
23117 
31312 
23120 
31315 
23126 
31319 
31322 
23130 
31327 
23135 
31330 
23138 
31332 
23141 
31335 
31337 
23145 
31339 
23148 
31341 
31344 
23153 
31347 
23156 
31350 
23159 
31353 
23162 
31358 
23167 
31360 
23170 
31363 
31365 
23173 
31367 
23176 
31370 
31373 
23181 
23184 
31378 
23187 
23190 
31385 
23195 
31388 
23198 
31391 
23201 
31394 
23204 
31399 
23209 
23212 
31405 
31407 
23215 
31409 
23218 
31412 
31415 
23223 
31418 
23226 
31421 
23229 
31424 
23232 
31429 
23237 
31431 
23240 
31433 
31435 
23243 
31438 
23246 
31440 
31442 
23251 
31445 
23254 
31448 
23257 
31451 
23260 
31456 
23265 
31458 
23268 
31461 
31463 
23271 
31465 
23274 
31468 
31471 
23279 
23282 
23285 
31478 
23288 
31485 
23293 
23295 
31488 
23297 
31491 
23299 
23302 
23304 
31498 
23306 
23308 
31503 
23311 
23313 
23315 
31508 
23317 
31510 
23320 
31513 
23322 
31516 
23324 
23326 
31521 
23329 
31523 
23331 
23333 
31526 
23335 
31530 
23338 
23340 
31533 
23342 
23344 
31538 
23347 
31540 
23349 
31543 
23351 
31545 
23353 
31548 
23356 
23358 
23360 
31553 
23362 
23365 
23367 
31561 
23369 
23371 
31564 
23374 
23376 
23378 
31571 
23380 
31574 
23383 
31576 
23385 
31579 
23387 
23389 
23392 
31586 
23394 
31588 
23396 
23398 
31591 
23401 
31594 
23402 
23403 
31599 
23407 
31602 
31605 
31607 
23416 
31610 
31612 
23421 
31614 
31617 
23428 
31622 
23433 
31627 
31629 
23437 
31631 
31634 
23444 
31638 
23448 
31641 
23452 
31646 
23456 
31649 
31651 
31654 
23463 
31656 
31658 
23467 
31660 
31663 
23471 
31666 
23475 
31669 
31672 
23482 
31677 
23486 
31679 
31681 
23490 
31683 
23494 
31690 
31693 
23501 
31696 
23505 
31699 
23509 
31704 
23513 
31706 
31708 
31710 
23520 
31713 
31715 
23524 
31717 
31720 
23528 
31723 
23532 
31726 
31731 
23539 
31733 
31735 
23544 
31738 
31741 
23549 
31744 
23554 
31749 
31753 
23563 
31758 
23567 
31760 
31762 
23571 
31765 
23575 
31769 
31771 
31774 
23582 
31777 
23586 
31782 
23590 
31784 
23594 
31787 
31793 
23601 
31794 
23605 
31798 
23609 
31802 
31804 
23613 
31806 
31808 
31811 
31812 
23620 
31813 
31814 
31815 
31816 
23624 
31817 
31818 
23628 
31821 
31823 
23632 
31826 
31828 
31830 
23639 
31832 
31835 
23643 
31836 
31837 
31838 
31839 
23647 
31841 
31843 
23651 
31845 
31848 
31850 
23658 
31852 
31854 
23662 
31857 
31858 
23666 
31859 
31860 
31861 
31862 
23670 
31863 
31864 
31865 
31866 
31867 
31868 
31869 
23677 
31871 
31873 
23681 
31875 
23685 
31878 
31880 
23689 
31882 
31885 
31886 
31887 
23696 
31890 
31891 
23699 
31893 
23702 
31895 
23705 
31898 
23710 
31903 
31904 
31905 
23713 
31906 
31907 
31908 
23716 
31909 
23721 
31916 
23724 
31919 
23729 
31922 
31925 
31927 
31930 
31932 
31934 
31936 
31939 
31941 
31943 
31945 
31948 
31950 
31952 
31954 
31957 
31959 
31961 
31963 
31966 
31967 
31968 
31969 
23777 
31970 
31972 
31974 
23783 
31976 
31979 
23787 
31981 
31983 
23792 
31985 
31988 
23796 
31990 
23799 
31992 
31994 
23804 
31997 
31999 
23807 
32001 
23810 
32003 
23813 
32006 
32008 
32010 
23818 
32012 
23821 
32015 
23824 
32017 
32019 
23827 
32021 
32024 
23832 
32026 
23835 
32028 
32030 
23838 
32033 
23841 
32034 
32035 
32036 
23846 
23849 
23852 
23855 
23860 
23863 
23866 
23869 
23874 
23877 
23880 
23883 
23888 
23891 
23894 
23897 
23902 
23905 
23908 
23911 
23916 
23919 
23922 
23925 
23930 
23933 
23936 
23939 
23944 
23947 
23950 
23953 
23958 
23961 
23964 
23969 
23972 
23975 
23980 
23982 
23984 
23987 
23990 
23995 
15805 
24001 
15810 
24007 
15819 
24013 
15825 
24021 
24027 
15836 
24033 
15841 
15846 
24041 
24049 
15863 
24057 
24063 
15874 
24069 
15880 
24075 
15889 
15895 
24095 
15904 
24100 
15909 
15918 
15923 
24117 
15932 
15937 
15946 
15951 
24145 
24150 
15960 
24157 
15966 
24164 
15975 
24168 
15980 
24173 
24177 
24180 
15989 
24185 
24188 
15998 
24191 
24194 
24199 
16007 
24202 
24205 
16013 
24208 
16018 
24213 
24216 
24219 
24222 
24227 
24230 
24233 
24236 
16047 
24241 
24244 
16053 
24247 
24250 
16062 
24255 
24258 
16067 
24261 
24264 
16072 
24269 
16077 
24272 
24275 
24278 
16086 
24283 
16091 
24286 
16096 
24289 
24292 
24297 
16105 
24300 
24303 
24306 
16115 
24311 
24314 
16124 
24317 
24320 
16129 
24325 
16134 
24328 
24331 
16139 
24334 
24339 
24342 
24345 
16156 
24350 
24352 
16162 
24355 
24359 
16171 
24364 
24368 
16176 
24373 
16181 
24377 
16186 
24382 
24386 
16195 
24391 
16201 
24395 
16206 
24400 
24404 
16215 
24409 
24413 
16225 
24418 
24422 
16234 
24427 
24431 
16239 
24436 
16244 
24440 
24445 
24449 
16261 
24454 
24457 
16266 
24462 
16275 
24468 
16281 
24474 
24477 
16290 
24483 
16296 
24489 
24495 
16305 
24501 
24507 
16315 
24513 
24520 
16328 
24523 
16333 
24528 
24534 
16344 
24540 
24546 
16357 
24552 
24558 
16366 
24564 
24570 
16382 
)

// ************************************************************************* //
